136,131,517714,#000000
137,131,517715,#000000
138,131,517716,#000000
138,132,517717,#000000
138,133,517718,#000000
139,134,517719,#000000
139,135,517720,#000000
139,136,517721,#000000
139,137,517722,#000000
139,138,517723,#000000
139,139,517724,#000000
139,140,517725,#000000
138,141,517726,#000000
137,141,517727,#000000
136,140,517728,#000000
135,139,517729,#000000
134,138,517730,#000000
133,137,517731,#000000
132,136,517732,#000000
131,135,517733,#000000
131,131,517734,#000000
132,131,517735,#000000
133,131,517736,#000000
134,131,517737,#000000
135,131,517738,#000000
131,130,517739,#000000
131,129,517740,#000000
124,129,517741,#000000
125,129,517742,#000000
126,129,517743,#000000
127,129,517744,#000000
128,129,517745,#000000
129,129,517746,#000000
130,129,517747,#000000
120,128,517748,#000000
121,128,517749,#000000
122,128,517750,#000000
123,128,517751,#000000
116,128,517752,#000000
117,128,517753,#000000
118,128,517754,#000000
119,128,517755,#000000
115,128,517756,#000000
114,129,517757,#000000
113,130,517758,#000000
113,131,517759,#000000
112,129,517760,#000000
110,129,517761,#000000
111,129,517762,#000000
109,129,517763,#000000
109,130,517764,#000000
109,131,517765,#000000
109,132,517766,#000000
109,133,517767,#000000
109,134,517768,#000000
109,135,517769,#000000
109,128,517770,#000000
109,127,517771,#000000
109,126,517772,#000000
109,125,517773,#000000
109,124,517774,#000000
109,123,517775,#000000
109,122,517776,#000000
109,121,517777,#000000
109,120,517778,#000000
110,120,517779,#000000
111,120,517780,#000000
112,119,517781,#000000
113,119,517782,#000000
114,119,517783,#000000
115,118,517784,#000000
116,118,517785,#000000
117,118,517786,#000000
118,117,517787,#000000
119,117,517788,#000000
120,117,517789,#000000
121,116,517790,#000000
122,116,517791,#000000
123,116,517792,#000000
124,115,517793,#000000
125,115,517794,#000000
126,115,517795,#000000
127,114,517796,#000000
128,114,517797,#000000
129,114,517798,#000000
130,113,517799,#000000
131,113,517800,#000000
132,113,517801,#000000
132,114,517802,#000000
132,119,517803,#000000
132,120,517804,#000000
132,121,517805,#000000
132,122,517806,#000000
131,122,517807,#000000
130,122,517808,#000000
129,123,517809,#000000
128,123,517810,#000000
127,123,517811,#000000
126,124,517812,#000000
125,124,517813,#000000
124,124,517814,#000000
123,125,517815,#000000
122,125,517816,#000000
121,125,517817,#000000
120,126,517818,#000000
119,126,517819,#000000
118,127,517820,#000000
117,127,517821,#000000
116,127,517822,#000000
110,135,517823,#000000
111,135,517824,#000000
112,135,517825,#000000
113,135,517826,#000000
114,135,517827,#000000
115,135,517828,#000000
116,135,517829,#000000
117,135,517830,#000000
118,135,517831,#000000
119,135,517832,#000000
120,135,517833,#000000
121,135,517834,#000000
122,135,517835,#000000
128,136,517836,#000000
129,136,517837,#000000
130,136,517838,#000000
125,136,517839,#000000
126,136,517840,#000000
127,136,517841,#000000
124,136,517842,#000000
123,135,517843,#000000
133,119,517844,#000000
134,119,517845,#000000
135,119,517846,#000000
136,119,517847,#000000
137,119,517848,#000000
138,119,517849,#000000
139,119,517850,#000000
140,118,517851,#000000
140,117,517852,#000000
140,116,517853,#000000
140,115,517854,#000000
140,114,517855,#000000
140,113,517856,#000000
140,112,517857,#000000
140,111,517858,#000000
140,110,517859,#000000
139,110,517860,#000000
138,110,517861,#000000
137,111,517862,#000000
136,111,517863,#000000
135,112,517864,#000000
134,112,517865,#000000
133,113,517866,#000000
134,113,517867,#282828
105,128,517868,#000000
105,129,517869,#000000
105,130,517870,#000000
108,135,517871,#000000
107,135,517872,#000000
106,135,517873,#000000
105,135,517874,#000000
104,135,517875,#000000
103,135,517876,#000000
102,134,517877,#000000
101,134,517878,#000000
100,134,517879,#000000
99,134,517880,#000000
98,134,517881,#000000
97,134,517882,#000000
96,134,517883,#000000
95,134,517884,#000000
94,134,517885,#000000
97,135,517886,#000000
98,136,517887,#000000
98,137,517888,#000000
99,138,517889,#000000
99,139,517890,#000000
100,140,517891,#000000
100,141,517892,#000000
100,142,517893,#000000
100,143,517894,#000000
100,145,517895,#000000
100,144,517896,#000000
99,145,517897,#000000
98,145,517898,#000000
97,145,517899,#000000
96,145,517900,#000000
95,145,517901,#000000
94,145,517902,#000000
93,145,517903,#000000
93,146,517904,#000000
93,147,517905,#000000
94,148,517906,#000000
95,148,517907,#000000
97,146,517908,#000000
97,147,517909,#000000
96,148,517910,#000000
100,146,517911,#000000
101,147,517912,#000000
101,148,517913,#000000
101,149,517914,#000000
101,150,517915,#000000
100,151,517916,#000000
99,152,517917,#000000
98,152,517918,#000000
97,152,517919,#000000
96,152,517920,#000000
95,152,517921,#000000
94,152,517922,#000000
93,151,517923,#000000
92,150,517924,#000000
92,149,517925,#000000
92,148,517926,#000000
92,147,517927,#000000
94,144,517928,#000000
94,143,517929,#000000
94,142,517930,#000000
94,141,517931,#000000
95,138,517932,#000000
96,138,517933,#000000
94,140,517934,#000000
94,139,517935,#000000
93,138,517936,#000000
92,137,517937,#000000
91,136,517938,#000000
90,135,517939,#000000
89,134,517940,#000000
89,133,517941,#000000
88,132,517942,#000000
88,131,517943,#000000
88,130,517944,#000000
87,131,517945,#000000
89,129,517946,#000000
89,127,517947,#000000
89,128,517948,#000000
89,126,517949,#000000
88,125,517950,#000000
88,124,517951,#000000
87,123,517952,#000000
87,122,517953,#000000
86,122,517954,#000000
86,121,517955,#000000
86,120,517956,#000000
85,120,517957,#000000
84,120,517958,#000000
83,119,517959,#000000
84,119,517960,#000000
85,119,517961,#000000
86,119,517962,#000000
87,119,517963,#000000
87,118,517964,#000000
88,118,517965,#000000
89,118,517966,#000000
88,119,517967,#000000
89,119,517968,#000000
89,117,517969,#000000
90,117,517970,#000000
90,118,517971,#000000
91,117,517972,#000000
92,116,517973,#000000
92,115,517974,#000000
92,114,517975,#000000
92,113,517976,#000000
92,112,517977,#000000
92,111,517978,#000000
92,110,517979,#000000
93,109,517980,#000000
94,108,517981,#000000
95,108,517982,#000000
96,108,517983,#000000
97,108,517984,#000000
98,108,517985,#000000
99,109,517986,#000000
100,110,517987,#000000
101,111,517988,#000000
101,112,517989,#000000
101,113,517990,#000000
100,114,517991,#000000
99,115,517992,#000000
98,115,517993,#000000
98,116,517994,#000000
99,116,517995,#000000
97,115,517996,#000000
97,114,517997,#000000
96,113,517998,#000000
95,113,517999,#000000
94,113,518000,#000000
93,114,518001,#000000
93,115,518002,#000000
94,116,518003,#000000
95,116,518004,#000000
96,116,518005,#000000
98,117,518006,#000000
99,117,518007,#000000
97,118,518008,#000000
98,118,518009,#000000
97,119,518010,#000000
98,119,518011,#000000
97,120,518012,#000000
98,120,518013,#000000
99,120,518014,#000000
99,118,518015,#000000
100,116,518016,#000000
100,117,518017,#000000
100,118,518018,#000000
101,118,518019,#000000
101,117,518020,#000000
102,118,518021,#000000
102,117,518022,#000000
103,118,518023,#000000
103,120,518024,#000000
100,121,518025,#000000
101,121,518026,#000000
102,121,518027,#000000
104,120,518028,#000000
105,120,518029,#000000
106,120,518030,#000000
107,120,518031,#000000
108,120,518032,#000000
88,121,518033,#000000
89,120,518034,#000000
96,119,518035,#000000
96,120,518036,#000000
81,118,518037,#000000
82,118,518038,#000000
82,117,518039,#000000
80,116,518040,#000000
81,116,518041,#000000
81,115,518042,#000000
79,117,518043,#000000
78,118,518044,#000000
78,119,518045,#000000
76,118,518046,#000000
77,118,518047,#000000
77,119,518048,#000000
74,116,518049,#000000
73,115,518050,#000000
75,117,518051,#000000
73,116,518052,#000000
73,117,518053,#000000
73,118,518054,#000000
73,119,518055,#000000
72,119,518056,#000000
71,118,518057,#000000
70,118,518058,#000000
69,118,518059,#000000
69,117,518060,#000000
69,119,518061,#000000
70,120,518062,#000000
70,121,518063,#000000
70,122,518064,#000000
71,123,518065,#000000
70,123,518066,#000000
69,123,518067,#000000
68,123,518068,#000000
67,123,518069,#000000
67,124,518070,#000000
66,123,518071,#000000
68,125,518072,#000000
69,126,518073,#000000
68,127,518074,#000000
67,128,518075,#000000
66,129,518076,#000000
67,129,518077,#000000
68,129,518078,#000000
69,129,518079,#000000
70,129,518080,#000000
70,130,518081,#000000
69,131,518082,#000000
68,132,518083,#000000
69,132,518084,#000000
70,132,518085,#000000
71,132,518086,#000000
72,133,518087,#000000
72,134,518088,#000000
73,135,518089,#000000
73,136,518090,#000000
74,133,518091,#000000
74,134,518092,#000000
75,134,518093,#000000
76,134,518094,#000000
77,135,518095,#000000
77,136,518096,#000000
77,137,518097,#000000
78,134,518098,#000000
78,133,518099,#000000
79,133,518100,#000000
80,130,518101,#000000
80,131,518102,#000000
80,132,518103,#000000
80,133,518104,#000000
80,134,518105,#000000
81,133,518106,#000000
81,132,518107,#000000
82,133,518108,#000000
83,133,518109,#000000
84,133,518110,#000000
86,132,518111,#000000
85,133,518112,#000000
82,131,518113,#000000
81,129,518114,#000000
81,128,518115,#000000
81,127,518116,#000000
81,126,518117,#000000
81,125,518118,#000000
80,125,518119,#000000
79,125,518120,#000000
78,125,518121,#000000
77,125,518122,#000000
77,126,518123,#000000
77,127,518124,#000000
77,128,518125,#000000
77,129,518126,#000000
76,130,518127,#000000
76,131,518128,#000000
76,132,518129,#000000
75,131,518130,#000000
75,130,518131,#000000
75,129,518132,#000000
76,129,518133,#000000
76,128,518134,#000000
76,127,518135,#000000
76,126,518136,#000000
76,125,518137,#000000
77,124,518138,#000000
78,123,518139,#000000
80,123,518140,#000000
81,123,518141,#000000
81,124,518142,#000000
80,122,518143,#000000
80,121,518144,#000000
79,120,518145,#000000
82,126,518146,#000000
82,127,518147,#000000
83,128,518148,#000000
139,111,518149,#282828
139,112,518150,#282828
139,113,518151,#282828
139,114,518152,#282828
139,115,518153,#282828
139,116,518154,#282828
139,117,518155,#282828
139,118,518156,#282828
133,118,518157,#282828
134,118,518158,#282828
135,118,518159,#282828
136,118,518160,#282828
137,118,518161,#282828
138,118,518162,#282828
133,117,518163,#282828
137,117,518164,#282828
136,112,518165,#282828
132,132,518166,#282828
133,132,518167,#282828
134,132,518168,#282828
135,132,518169,#282828
136,132,518170,#282828
137,132,518171,#282828
132,133,518172,#282828
133,133,518173,#282828
134,133,518174,#282828
135,133,518175,#282828
136,133,518176,#282828
137,133,518177,#282828
136,134,518178,#282828
137,134,518179,#282828
138,134,518180,#282828
136,135,518181,#505050
137,135,518182,#282828
138,135,518183,#282828
138,136,518184,#282828
138,137,518185,#282828
138,138,518186,#282828
138,139,518187,#282828
138,140,518188,#282828
135,138,518189,#282828
134,137,518190,#282828
133,136,518191,#282828
132,135,518192,#282828
132,134,518193,#282828
106,128,518194,#282828
107,128,518195,#282828
108,128,518196,#282828
108,129,518197,#282828
107,129,518198,#282828
106,129,518199,#282828
106,130,518200,#282828
107,130,518201,#282828
107,131,518202,#282828
108,131,518203,#282828
108,130,518204,#282828
108,132,518205,#282828
107,132,518206,#282828
106,131,518207,#282828
106,132,518208,#282828
106,133,518209,#282828
106,134,518210,#282828
107,134,518211,#282828
108,134,518212,#282828
108,133,518213,#282828
107,133,518214,#282828
106,127,518215,#282828
106,126,518216,#282828
106,125,518217,#282828
106,124,518218,#282828
106,123,518219,#282828
106,122,518220,#282828
106,121,518221,#282828
107,121,518222,#282828
108,121,518223,#282828
108,122,518224,#282828
108,123,518225,#282828
108,124,518226,#282828
108,125,518227,#282828
108,126,518228,#282828
108,127,518229,#282828
107,127,518230,#282828
107,126,518231,#282828
107,125,518232,#282828
107,124,518233,#282828
107,123,518234,#282828
107,122,518235,#282828
102,129,518236,#282828
102,128,518237,#282828
102,127,518238,#f89840
101,127,518239,#282828
100,127,518240,#282828
101,128,518241,#282828
101,129,518242,#282828
94,121,518243,#282828
95,121,518244,#282828
96,121,518245,#282828
94,120,518246,#282828
95,120,518247,#282828
93,121,518248,#282828
96,122,518249,#282828
97,121,518250,#282828
95,133,518251,#282828
96,133,518252,#282828
92,134,518253,#282828
93,134,518254,#282828
89,132,518255,#282828
89,131,518256,#282828
89,130,518257,#282828
90,131,518258,#282828
91,131,518259,#282828
90,130,518260,#282828
91,130,518261,#282828
90,128,518262,#282828
91,128,518263,#282828
92,128,518264,#282828
92,129,518265,#282828
91,129,518266,#282828
90,129,518267,#282828
92,130,518268,#282828
92,127,518269,#282828
92,126,518270,#282828
91,126,518271,#282828
91,127,518272,#282828
91,125,518273,#282828
91,124,518274,#282828
90,124,518275,#282828
90,125,518276,#282828
90,126,518277,#282828
90,127,518278,#282828
89,125,518279,#282828
89,124,518280,#282828
89,123,518281,#282828
89,122,518282,#282828
88,123,518283,#282828
88,122,518284,#282828
89,121,518285,#282828
90,123,518286,#282828
90,134,518287,#282828
94,138,518288,#282828
95,139,518289,#282828
95,140,518290,#282828
95,144,518291,#282828
98,144,518292,#282828
98,143,518293,#282828
99,143,518294,#282828
99,144,518295,#282828
98,142,518296,#282828
99,142,518297,#282828
99,141,518298,#282828
98,141,518299,#282828
98,140,518300,#282828
99,140,518301,#282828
98,139,518302,#282828
98,138,518303,#282828
97,138,518304,#282828
97,139,518305,#282828
97,137,518306,#282828
97,136,518307,#282828
96,136,518308,#282828
96,137,518309,#282828
95,136,518310,#282828
95,135,518311,#282828
96,135,518312,#282828
95,119,518313,#282828
94,118,518314,#282828
96,118,518315,#282828
97,117,518316,#282828
97,116,518317,#282828
93,116,518318,#282828
93,117,518319,#282828
92,117,518320,#282828
91,118,518321,#282828
90,119,518322,#282828
78,124,518323,#282828
79,124,518324,#282828
80,124,518325,#282828
79,123,518326,#282828
81,134,518327,#282828
133,114,518328,#505050
134,114,518329,#505050
135,113,518330,#505050
136,113,518331,#505050
134,117,518332,#505050
135,117,518333,#505050
136,117,518334,#505050
133,134,518335,#505050
134,134,518336,#505050
135,134,518337,#505050
135,135,518338,#505050
134,135,518339,#505050
133,135,518340,#505050
134,136,518341,#505050
135,136,518342,#505050
135,137,518343,#505050
104,129,518344,#505050
104,130,518345,#505050
100,129,518346,#505050
100,128,518347,#505050
99,128,518348,#505050
99,129,518349,#505050
99,127,518350,#505050
98,127,518351,#505050
96,123,518352,#505050
96,124,518353,#505050
96,125,518354,#505050
96,126,518355,#505050
96,127,518356,#505050
96,128,518357,#505050
96,129,518358,#505050
96,130,518359,#505050
96,131,518360,#505050
96,132,518361,#505050
97,129,518362,#505050
98,129,518363,#505050
98,128,518364,#505050
97,128,518365,#505050
97,127,518366,#505050
93,126,518367,#505050
94,126,518368,#505050
95,126,518369,#505050
95,127,518370,#505050
94,127,518371,#505050
93,127,518372,#505050
93,128,518373,#505050
94,128,518374,#505050
95,128,518375,#505050
95,129,518376,#505050
94,129,518377,#505050
93,129,518378,#505050
93,130,518379,#505050
94,130,518380,#505050
95,130,518381,#505050
95,131,518382,#505050
94,131,518383,#505050
93,131,518384,#505050
92,131,518385,#505050
95,132,518386,#505050
94,132,518387,#505050
93,132,518388,#505050
92,132,518389,#505050
91,132,518390,#505050
90,132,518391,#505050
90,133,518392,#505050
91,133,518393,#505050
92,133,518394,#505050
93,133,518395,#505050
94,133,518396,#505050
91,134,518397,#505050
91,135,518398,#505050
92,135,518399,#505050
93,135,518400,#505050
94,135,518401,#505050
94,136,518402,#505050
93,136,518403,#505050
92,136,518404,#505050
93,137,518405,#505050
94,137,518406,#505050
95,137,518407,#505050
90,120,518408,#505050
91,120,518409,#505050
92,120,518410,#505050
93,120,518411,#505050
92,121,518412,#505050
91,121,518413,#505050
90,121,518414,#505050
90,122,518415,#505050
91,122,518416,#505050
92,122,518417,#505050
93,122,518418,#505050
94,122,518419,#505050
95,122,518420,#505050
95,123,518421,#505050
95,124,518422,#505050
95,125,518423,#505050
94,125,518424,#505050
94,124,518425,#505050
94,123,518426,#505050
93,123,518427,#505050
92,123,518428,#505050
91,123,518429,#505050
93,124,518430,#505050
92,124,518431,#505050
92,125,518432,#505050
93,125,518433,#505050
91,119,518434,#505050
92,119,518435,#505050
93,119,518436,#505050
94,119,518437,#505050
92,118,518438,#505050
93,118,518439,#505050
94,117,518440,#505050
95,117,518441,#505050
96,117,518442,#505050
95,118,518443,#505050
96,139,518444,#505050
96,140,518445,#505050
96,141,518446,#505050
96,142,518447,#505050
96,143,518448,#505050
96,144,518449,#505050
95,141,518450,#505050
95,142,518451,#505050
95,143,518452,#505050
97,141,518453,#505050
97,142,518454,#505050
97,143,518455,#505050
97,144,518456,#505050
97,140,518457,#505050
83,125,518458,#505050
78,126,518459,#a0a0a0
78,127,518460,#a0a0a0
78,128,518461,#a0a0a0
79,127,518462,#a0a0a0
80,127,518463,#a0a0a0
78,129,518464,#a0a0a0
77,130,518465,#a0a0a0
77,131,518466,#a0a0a0
77,132,518467,#a0a0a0
78,132,518468,#a0a0a0
79,132,518469,#a0a0a0
79,131,518470,#a0a0a0
80,129,518471,#a0a0a0
103,129,518472,#a0a0a0
103,130,518473,#a0a0a0
133,115,518474,#a0a0a0
133,116,518475,#a0a0a0
134,116,518476,#a0a0a0
135,116,518477,#a0a0a0
136,116,518478,#a0a0a0
136,115,518479,#a0a0a0
136,114,518480,#a0a0a0
135,114,518481,#a0a0a0
135,115,518482,#a0a0a0
134,115,518483,#a0a0a0
79,126,518484,#ffffff
80,126,518485,#ffffff
79,128,518486,#ffffff
80,128,518487,#ffffff
79,129,518488,#ffffff
79,130,518489,#ffffff
78,130,518490,#ffffff
78,131,518491,#ffffff
83,131,518492,#ffffff
83,126,518493,#ffffff
84,126,518494,#ffffff
97,122,518495,#e84000
98,122,518496,#e84000
98,121,518497,#e84000
99,121,518498,#e84000
99,122,518499,#e84000
100,122,518500,#e84000
101,122,518501,#e84000
102,122,518502,#e84000
103,122,518503,#e84000
103,121,518504,#e84000
104,121,518505,#e84000
105,121,518506,#e84000
105,122,518507,#e84000
105,123,518508,#e84000
105,124,518509,#e84000
105,125,518510,#e84000
105,126,518511,#e84000
105,127,518512,#e84000
104,123,518513,#e84000
104,122,518514,#e84000
100,123,518515,#e84000
100,124,518516,#e84000
101,124,518517,#e84000
101,125,518518,#e84000
101,126,518519,#e84000
100,126,518520,#e84000
100,125,518521,#e84000
99,124,518522,#e84000
99,123,518523,#e84000
98,123,518524,#e84000
101,130,518525,#e84000
101,131,518526,#e84000
102,131,518527,#e84000
102,130,518528,#e84000
100,131,518529,#e84000
100,132,518530,#e84000
101,132,518531,#e84000
102,132,518532,#e84000
103,133,518533,#e84000
103,134,518534,#e84000
102,133,518535,#e84000
101,133,518536,#e84000
100,133,518537,#e84000
99,133,518538,#e84000
98,133,518539,#e84000
97,133,518540,#e84000
105,131,518541,#e84000
105,132,518542,#e84000
105,133,518543,#e84000
105,134,518544,#e84000
110,130,518545,#e84000
110,131,518546,#e84000
110,132,518547,#e84000
110,133,518548,#e84000
110,134,518549,#e84000
110,128,518550,#e84000
110,127,518551,#e84000
110,126,518552,#e84000
110,125,518553,#e84000
110,124,518554,#e84000
110,123,518555,#e84000
110,121,518556,#e84000
110,122,518557,#e84000
112,120,518558,#e84000
115,119,518559,#e84000
118,118,518560,#e84000
121,117,518561,#e84000
124,116,518562,#e84000
127,116,518563,#e84000
127,117,518564,#e84000
127,118,518565,#e84000
127,119,518566,#e84000
127,120,518567,#e84000
127,121,518568,#e84000
127,122,518569,#e84000
128,116,518570,#e84000
129,116,518571,#e84000
130,114,518572,#e84000
130,115,518573,#e84000
130,116,518574,#e84000
130,117,518575,#e84000
130,118,518576,#e84000
130,119,518577,#e84000
130,120,518578,#e84000
130,121,518579,#e84000
129,117,518580,#e84000
129,118,518581,#e84000
129,119,518582,#e84000
129,120,518583,#e84000
129,121,518584,#e84000
129,122,518585,#e84000
128,117,518586,#e84000
128,118,518587,#e84000
128,119,518588,#e84000
128,120,518589,#e84000
128,121,518590,#e84000
128,122,518591,#e84000
131,114,518592,#e84000
131,115,518593,#e84000
131,116,518594,#e84000
131,117,518595,#e84000
131,118,518596,#e84000
131,119,518597,#e84000
131,120,518598,#e84000
131,121,518599,#e84000
126,119,518600,#e84000
125,119,518601,#e84000
124,119,518602,#e84000
126,118,518603,#e84000
125,118,518604,#e84000
124,118,518605,#e84000
123,119,518606,#e84000
123,120,518607,#e84000
124,120,518608,#e84000
125,120,518609,#e84000
126,120,518610,#e84000
126,121,518611,#e84000
126,122,518612,#e84000
125,122,518613,#e84000
126,123,518614,#e84000
125,123,518615,#e84000
124,123,518616,#e84000
124,121,518617,#e84000
125,121,518618,#e84000
124,122,518619,#e84000
123,122,518620,#e84000
123,121,518621,#e84000
122,121,518622,#e84000
121,122,518623,#e84000
120,122,518624,#e84000
120,123,518625,#e84000
121,123,518626,#e84000
122,123,518627,#e84000
123,123,518628,#e84000
122,122,518629,#e84000
123,124,518630,#e84000
122,124,518631,#e84000
121,124,518632,#e84000
120,124,518633,#e84000
120,125,518634,#e84000
119,123,518635,#e84000
118,123,518636,#e84000
117,124,518637,#e84000
118,124,518638,#e84000
119,124,518639,#e84000
117,125,518640,#e84000
118,125,518641,#e84000
119,125,518642,#e84000
117,126,518643,#e84000
118,126,518644,#e84000
115,125,518645,#e84000
116,125,518646,#e84000
114,126,518647,#e84000
113,126,518648,#e84000
113,125,518649,#e84000
113,127,518650,#e84000
113,128,518651,#e84000
113,129,518652,#e84000
114,128,518653,#e84000
114,127,518654,#e84000
115,127,518655,#e84000
115,126,518656,#e84000
116,126,518657,#e84000
112,130,518658,#e84000
112,131,518659,#e84000
112,132,518660,#e84000
112,133,518661,#e84000
112,134,518662,#e84000
111,134,518663,#e84000
111,133,518664,#e84000
113,132,518665,#e84000
113,133,518666,#e84000
113,134,518667,#e84000
115,129,518668,#e84000
116,129,518669,#e84000
117,129,518670,#e84000
118,129,518671,#e84000
119,129,518672,#e84000
120,129,518673,#e84000
121,129,518674,#e84000
122,129,518675,#e84000
123,129,518676,#e84000
114,130,518677,#e84000
115,130,518678,#e84000
116,130,518679,#e84000
117,130,518680,#e84000
118,130,518681,#e84000
119,130,518682,#e84000
120,130,518683,#e84000
121,130,518684,#e84000
122,130,518685,#e84000
123,130,518686,#e84000
124,130,518687,#e84000
125,130,518688,#e84000
126,130,518689,#e84000
127,130,518690,#e84000
128,130,518691,#e84000
129,130,518692,#e84000
130,130,518693,#e84000
114,131,518694,#e84000
115,131,518695,#e84000
116,131,518696,#e84000
117,131,518697,#e84000
118,131,518698,#e84000
119,131,518699,#e84000
120,131,518700,#e84000
121,131,518701,#e84000
122,131,518702,#e84000
123,131,518703,#e84000
124,131,518704,#e84000
125,131,518705,#e84000
126,131,518706,#e84000
127,131,518707,#e84000
128,131,518708,#e84000
129,131,518709,#e84000
130,131,518710,#e84000
114,132,518711,#e84000
115,132,518712,#e84000
116,132,518713,#e84000
117,132,518714,#e84000
118,132,518715,#e84000
119,132,518716,#e84000
120,132,518717,#e84000
121,132,518718,#e84000
122,132,518719,#e84000
123,132,518720,#e84000
124,132,518721,#e84000
125,132,518722,#e84000
126,132,518723,#e84000
127,132,518724,#e84000
128,132,518725,#e84000
129,132,518726,#e84000
130,132,518727,#e84000
131,132,518728,#d86020
114,133,518729,#e84000
115,133,518730,#e84000
116,133,518731,#e84000
117,133,518732,#e84000
118,133,518733,#e84000
119,133,518734,#e84000
120,133,518735,#e84000
121,133,518736,#e84000
122,133,518737,#e84000
123,133,518738,#e84000
124,133,518739,#e84000
125,133,518740,#e84000
126,133,518741,#e84000
127,133,518742,#e84000
128,133,518743,#e84000
129,133,518744,#e84000
130,133,518745,#e84000
131,133,518746,#d86020
114,134,518747,#e84000
115,134,518748,#e84000
116,134,518749,#e84000
117,134,518750,#e84000
118,134,518751,#e84000
119,134,518752,#e84000
120,134,518753,#e84000
121,134,518754,#e84000
122,134,518755,#e84000
123,134,518756,#e84000
124,134,518757,#e84000
125,134,518758,#e84000
126,134,518759,#e84000
127,134,518760,#e84000
128,134,518761,#e84000
129,134,518762,#e84000
130,134,518763,#e84000
131,134,518764,#d86020
125,135,518765,#e84000
126,135,518766,#e84000
127,135,518767,#e84000
128,135,518768,#e84000
129,135,518769,#e84000
130,135,518770,#e84000
124,135,518771,#e84000
137,113,518772,#f89840
138,117,518773,#f89840
138,111,518774,#f89840
127,115,518775,#f89840
128,115,518776,#f89840
129,115,518777,#f89840
125,116,518778,#f89840
126,116,518779,#f89840
126,117,518780,#f89840
125,117,518781,#f89840
124,117,518782,#f89840
123,117,518783,#f89840
122,117,518784,#f89840
123,118,518785,#f89840
122,118,518786,#f89840
121,118,518787,#f89840
120,118,518788,#f89840
119,118,518789,#f89840
122,119,518790,#f89840
121,119,518791,#f89840
120,119,518792,#f89840
119,119,518793,#f89840
118,119,518794,#f89840
117,119,518795,#f89840
116,119,518796,#f89840
122,120,518797,#f89840
121,120,518798,#f89840
120,120,518799,#f89840
119,120,518800,#f89840
118,120,518801,#f89840
117,120,518802,#f89840
116,120,518803,#f89840
115,120,518804,#f89840
114,120,518805,#f89840
113,120,518806,#f89840
111,121,518807,#f89840
112,121,518808,#f89840
113,121,518809,#f89840
114,121,518810,#f89840
115,121,518811,#f89840
116,121,518812,#f89840
117,121,518813,#f89840
118,121,518814,#f89840
119,121,518815,#f89840
120,121,518816,#f89840
121,121,518817,#f89840
119,122,518818,#f89840
118,122,518819,#f89840
117,122,518820,#f89840
116,122,518821,#f89840
115,122,518822,#f89840
114,122,518823,#f89840
113,122,518824,#f89840
112,122,518825,#f89840
111,122,518826,#f89840
111,123,518827,#f89840
111,124,518828,#f89840
111,125,518829,#f89840
111,126,518830,#f89840
111,127,518831,#f89840
111,128,518832,#f89840
111,130,518833,#f89840
111,131,518834,#f89840
111,132,518835,#f89840
112,128,518836,#f89840
112,127,518837,#f89840
112,126,518838,#f89840
112,125,518839,#f89840
112,124,518840,#f89840
112,123,518841,#f89840
113,123,518842,#f89840
114,123,518843,#f89840
115,123,518844,#f89840
116,123,518845,#f89840
117,123,518846,#f89840
113,124,518847,#f89840
114,124,518848,#f89840
115,124,518849,#f89840
116,124,518850,#f89840
114,125,518851,#f89840
104,124,518852,#f89840
104,125,518853,#f89840
104,126,518854,#f89840
104,127,518855,#f89840
104,128,518856,#f89840
104,131,518857,#f89840
104,132,518858,#f89840
104,133,518859,#f89840
104,134,518860,#f89840
103,132,518861,#f89840
103,131,518862,#f89840
103,128,518863,#f89840
103,127,518864,#f89840
103,126,518865,#f89840
103,125,518866,#f89840
103,124,518867,#f89840
103,123,518868,#f89840
101,123,518869,#f89840
102,123,518870,#f89840
102,124,518871,#f89840
102,125,518872,#f89840
102,126,518873,#f89840
99,126,518874,#f89840
98,126,518875,#f89840
97,126,518876,#f89840
97,125,518877,#f89840
97,123,518878,#f89840
97,124,518879,#f89840
99,125,518880,#f89840
98,125,518881,#f89840
98,124,518882,#f89840
100,130,518883,#f89840
99,130,518884,#f89840
98,130,518885,#f89840
97,130,518886,#f89840
97,131,518887,#f89840
97,132,518888,#f89840
98,131,518889,#f89840
98,132,518890,#f89840
99,131,518891,#f89840
99,132,518892,#f89840
94,149,518893,#d86020
94,150,518894,#d86020
96,149,518895,#d86020
96,150,518896,#d86020
98,146,518897,#d86020
98,147,518898,#d86020
98,148,518899,#d86020
98,149,518900,#d86020
99,147,518901,#d86020
99,146,518902,#d86020
100,147,518903,#d86020
100,148,518904,#d86020
100,149,518905,#d86020
100,150,518906,#d86020
99,151,518907,#d86020
94,112,518908,#d86020
96,112,518909,#d86020
98,112,518910,#d86020
98,113,518911,#d86020
98,114,518912,#d86020
99,114,518913,#d86020
100,113,518914,#d86020
100,112,518915,#d86020
100,111,518916,#d86020
99,110,518917,#d86020
98,109,518918,#d86020
83,120,518919,#d86020
82,120,518920,#d86020
82,122,518921,#d86020
83,122,518922,#d86020
84,122,518923,#d86020
85,121,518924,#d86020
85,123,518925,#d86020
85,124,518926,#d86020
86,123,518927,#d86020
86,125,518928,#d86020
87,125,518929,#d86020
87,124,518930,#d86020
86,126,518931,#d86020
88,126,518932,#d86020
88,127,518933,#d86020
88,129,518934,#d86020
86,128,518935,#d86020
86,129,518936,#d86020
87,130,518937,#d86020
86,131,518938,#d86020
85,132,518939,#d86020
81,131,518940,#d86020
81,130,518941,#d86020
82,128,518942,#d86020
83,129,518943,#d86020
82,125,518944,#d86020
82,124,518945,#d86020
132,118,518946,#d86020
137,138,518947,#d86020
138,113,518948,#d86020
137,136,518949,#fb9043
136,138,518950,#fb9043
137,139,518951,#fb9043
137,140,518952,#fb9043
138,115,518953,#fb9043
138,112,518954,#fb9043
99,113,518955,#fb9043
99,112,518956,#fb9043
99,111,518957,#fb9043
98,111,518958,#fb9043
98,110,518959,#fb9043
97,109,518960,#fb9043
96,111,518961,#fb9043
94,111,518962,#fb9043
93,113,518963,#fb9043
96,114,518964,#fb9043
96,115,518965,#fb9043
93,148,518966,#fb9043
94,151,518967,#fb9043
96,151,518968,#fb9043
98,151,518969,#fb9043
98,150,518970,#fb9043
99,150,518971,#fb9043
99,149,518972,#fb9043
99,148,518973,#fb9043
96,146,518974,#fb9043
96,147,518975,#fb9043
97,148,518976,#fb9043
83,124,518977,#fb9043
84,123,518978,#fb9043
85,122,518979,#fb9043
86,124,518980,#fb9043
87,126,518981,#fb9043
88,128,518982,#fb9043
85,130,518983,#fb9043
86,130,518984,#fb9043
84,132,518985,#fb9043
82,130,518986,#fb9043
82,129,518987,#fb9043
82,121,518988,#fb9043
83,121,518989,#fb9043
84,121,518990,#fb9043
132,115,518991,#f8c880
132,116,518992,#f8c880
132,117,518993,#f8c880
137,115,518994,#f8c880
138,116,518995,#f8c880
138,114,518996,#f8c880
137,112,518997,#f8c880
137,137,518998,#f8c880
136,136,518999,#f8c880
136,139,519000,#f8c880
95,147,519001,#f8c880
94,147,519002,#f8c880
95,146,519003,#f8c880
93,149,519004,#f8c880
95,149,519005,#f8c880
95,150,519006,#f8c880
97,149,519007,#f8c880
97,150,519008,#f8c880
97,151,519009,#f8c880
97,113,519010,#f8c880
97,112,519011,#f8c880
97,110,519012,#f8c880
97,111,519013,#f8c880
96,110,519014,#f8c880
95,110,519015,#f8c880
96,109,519016,#f8c880
95,109,519017,#f8c880
94,110,519018,#f8c880
93,110,519019,#f8c880
93,111,519020,#f8c880
93,112,519021,#f8c880
95,111,519022,#f8c880
95,112,519023,#f8c880
95,114,519024,#f8c880
95,115,519025,#f8c880
87,127,519026,#f8c880
87,128,519027,#f8c880
87,129,519028,#f8c880
86,127,519029,#f8c880
85,127,519030,#f8c880
85,128,519031,#f8c880
85,129,519032,#f8c880
85,131,519033,#f8c880
84,131,519034,#f8c880
85,126,519035,#f8c880
84,125,519036,#f8c880
84,124,519037,#f8c880
137,114,519038,#f8ebce
137,116,519039,#f8ebce
136,137,519040,#f8ebce
84,129,519041,#f8ebce
84,130,519042,#f8ebce
83,130,519043,#f8ebce
94,109,519044,#f8ebce
94,114,519045,#f8ebce
94,115,519046,#f8ebce
94,146,519047,#f8ebce
93,150,519048,#f8ebce
95,151,519049,#f8ebce
85,125,519050,#f8ebce
82,132,519051,#4880b0
83,132,519052,#4880b0
83,127,519053,#4880b0
84,127,519054,#4880b0
84,128,519055,#4880b0
82,123,519056,#d09018
83,123,519057,#d09018
81,122,519058,#d09018
81,121,519059,#d09018
81,120,519060,#d09018
81,119,519061,#d09018
82,119,519062,#d09018
80,120,519063,#d09018
80,119,519064,#d09018
79,119,519065,#d09018
79,118,519066,#d09018
80,118,519067,#d09018
80,117,519068,#d09018
81,117,519069,#d09018
79,121,519070,#d09018
79,122,519071,#d09018
78,122,519072,#d09018
77,123,519073,#f8e048
76,124,519074,#d09018
75,125,519075,#d09018
75,126,519076,#d09018
74,126,519077,#d09018
75,128,519078,#d09018
74,129,519079,#d09018
74,130,519080,#d09018
74,132,519081,#d09018
75,133,519082,#d09018
77,133,519083,#d09018
77,134,519084,#d09018
73,134,519085,#d09018
73,133,519086,#d09018
72,132,519087,#d09018
70,131,519088,#d09018
71,131,519089,#d09018
72,131,519090,#d09018
71,129,519091,#d09018
68,128,519092,#d09018
69,128,519093,#d09018
70,128,519094,#d09018
69,127,519095,#d09018
70,127,519096,#d09018
71,127,519097,#d09018
70,126,519098,#d09018
69,125,519099,#d09018
69,124,519100,#d09018
68,124,519101,#d09018
70,124,519102,#d09018
71,124,519103,#d09018
71,122,519104,#d09018
72,123,519105,#d09018
72,124,519106,#d09018
70,119,519107,#d09018
71,119,519108,#d09018
71,120,519109,#d09018
72,120,519110,#d09018
73,120,519111,#d09018
74,120,519112,#d09018
74,117,519113,#d09018
74,118,519114,#d09018
74,119,519115,#d09018
75,118,519116,#d09018
75,119,519117,#d09018
76,119,519118,#d09018
75,120,519119,#d09018
76,120,519120,#d09018
77,120,519121,#d09018
78,120,519122,#d09018
73,121,519123,#d09018
74,121,519124,#d09018
75,121,519125,#d09018
76,121,519126,#d09018
75,122,519127,#d09018
71,121,519128,#f8e048
72,121,519129,#f8e048
72,122,519130,#f8e048
73,122,519131,#f8e048
74,122,519132,#f8e048
73,123,519133,#f8e048
74,123,519134,#f8e048
75,123,519135,#f8e048
76,123,519136,#f8e048
76,122,519137,#f8e048
77,121,519138,#f8e048
77,122,519139,#f8e048
78,121,519140,#f8e048
75,124,519141,#f8e048
74,124,519142,#f8e048
73,124,519143,#f8e048
74,125,519144,#f8e048
73,125,519145,#f8e048
72,125,519146,#f8e048
71,125,519147,#f8e048
70,125,519148,#f8e048
73,126,519149,#f8e048
72,126,519150,#f8e048
71,126,519151,#f8e048
72,127,519152,#f8e048
73,127,519153,#f8e048
74,127,519154,#f8e048
75,127,519155,#f8e048
74,128,519156,#f8e048
72,128,519157,#f8e048
71,128,519158,#f8e048
73,128,519159,#f8e048
73,129,519160,#f8e048
73,130,519161,#f8e048
72,129,519162,#f8e048
72,130,519163,#f8e048
71,130,519164,#f8e048
73,131,519165,#f8e048
74,131,519166,#f8e048
73,132,519167,#f8e048
75,132,519168,#f8e048
76,133,519169,#f8e048
