128,126,385920,#000000
129,126,385921,#000000
130,126,385922,#000000
131,127,385923,#000000
132,128,385924,#000000
132,129,385925,#000000
132,130,385926,#000000
133,130,385927,#000000
133,131,385928,#000000
134,131,385929,#000000
135,131,385930,#000000
136,131,385931,#000000
137,131,385932,#000000
138,131,385933,#000000
139,132,385934,#000000
140,134,385935,#000000
140,133,385936,#000000
140,135,385937,#000000
140,136,385938,#000000
140,137,385939,#000000
140,138,385940,#000000
140,139,385941,#000000
139,140,385942,#000000
138,140,385943,#000000
137,139,385944,#000000
136,139,385945,#000000
136,132,385946,#000000
136,133,385947,#000000
136,134,385948,#000000
136,135,385949,#000000
136,136,385950,#000000
136,137,385951,#000000
136,138,385952,#000000
137,132,385953,#000000
138,132,385954,#000000
139,133,385955,#000000
139,134,385956,#000000
139,135,385957,#000000
139,136,385958,#000000
138,139,385959,#000000
139,137,385960,#000000
139,138,385961,#000000
139,139,385962,#000000
138,133,385963,#000000
137,133,385964,#000000
137,134,385965,#000000
137,138,385966,#000000
135,138,385967,#000000
134,137,385968,#000000
133,136,385969,#000000
132,135,385970,#000000
133,135,385971,#000000
131,135,385972,#000000
133,132,385973,#000000
133,133,385974,#000000
133,134,385975,#000000
134,132,385976,#000000
135,132,385977,#282828
135,133,385978,#282828
135,134,385979,#282828
134,133,385980,#282828
134,134,385981,#282828
134,136,385982,#282828
135,137,385983,#282828
134,135,385984,#505050
135,135,385985,#505050
135,136,385986,#505050
128,136,385987,#000000
129,136,385988,#000000
130,136,385989,#000000
126,135,385990,#000000
127,135,385991,#000000
125,134,385992,#000000
124,134,385993,#000000
127,126,385994,#000000
126,126,385995,#000000
125,126,385996,#000000
125,125,385997,#000000
124,127,385998,#000000
124,128,385999,#000000
123,129,386000,#000000
123,130,386001,#000000
122,131,386002,#000000
122,132,386003,#000000
122,133,386004,#000000
122,134,386005,#000000
123,133,386006,#000000
123,134,386007,#000000
123,135,386008,#000000
126,124,386009,#000000
126,123,386010,#000000
127,122,386011,#000000
128,121,386012,#000000
129,121,386013,#000000
130,121,386014,#000000
131,121,386015,#000000
132,120,386016,#000000
133,120,386017,#000000
134,119,386018,#000000
134,118,386019,#000000
135,118,386020,#000000
136,118,386021,#000000
137,118,386022,#000000
138,118,386023,#000000
139,117,386024,#000000
139,116,386025,#000000
139,115,386026,#000000
139,114,386027,#000000
139,113,386028,#000000
138,113,386029,#000000
138,112,386030,#000000
138,114,386031,#000000
138,115,386032,#000000
138,116,386033,#000000
138,117,386034,#000000
140,115,386035,#000000
140,114,386036,#000000
140,113,386037,#000000
140,112,386038,#000000
140,111,386039,#000000
140,110,386040,#000000
140,109,386041,#000000
140,108,386042,#000000
140,107,386043,#000000
140,106,386044,#000000
141,112,386045,#000000
141,113,386046,#000000
141,114,386047,#000000
141,109,386048,#000000
141,110,386049,#000000
141,111,386050,#000000
141,108,386051,#000000
141,107,386052,#000000
139,106,386053,#000000
138,106,386054,#000000
137,106,386055,#000000
136,106,386056,#000000
136,107,386057,#000000
136,108,386058,#000000
136,109,386059,#000000
136,110,386060,#000000
136,111,386061,#505050
136,112,386062,#000000
136,113,386063,#000000
136,114,386064,#000000
136,115,386065,#000000
136,116,386066,#000000
136,117,386067,#000000
137,107,386068,#000000
138,107,386069,#000000
137,108,386070,#000000
137,114,386071,#000000
137,115,386072,#000000
137,116,386073,#000000
137,117,386074,#000000
137,109,386075,#282828
137,110,386076,#282828
138,108,386077,#282828
138,109,386078,#282828
138,110,386079,#282828
138,111,386080,#282828
137,113,386081,#282828
137,111,386082,#505050
137,112,386083,#505050
135,106,386084,#000000
135,107,386085,#000000
135,108,386086,#000000
135,109,386087,#282828
135,115,386088,#000000
135,116,386089,#000000
135,117,386090,#000000
135,113,386091,#000000
135,114,386092,#000000
135,110,386093,#282828
135,111,386094,#282828
135,112,386095,#282828
134,114,386096,#000000
134,113,386097,#000000
134,112,386098,#000000
134,111,386099,#000000
134,110,386100,#000000
134,109,386101,#000000
134,108,386102,#000000
134,107,386103,#000000
134,106,386104,#000000
134,105,386105,#000000
133,110,386106,#000000
132,110,386107,#000000
132,112,386108,#000000
133,113,386109,#000000
131,111,386110,#000000
130,111,386111,#000000
129,111,386112,#e84000
128,112,386113,#000000
129,112,386114,#000000
127,113,386115,#000000
126,113,386116,#000000
125,114,386117,#000000
124,114,386118,#000000
123,115,386119,#000000
122,116,386120,#000000
121,117,386121,#000000
120,118,386122,#000000
119,119,386123,#000000
118,120,386124,#000000
120,116,386125,#000000
121,116,386126,#000000
120,113,386127,#000000
120,114,386128,#000000
120,115,386129,#000000
121,111,386130,#000000
121,112,386131,#000000
117,121,386132,#000000
116,122,386133,#000000
115,123,386134,#000000
114,124,386135,#000000
113,123,386136,#000000
113,124,386137,#000000
113,125,386138,#000000
121,131,386139,#000000
120,131,386140,#000000
119,131,386141,#000000
118,131,386142,#000000
121,135,386143,#000000
120,135,386144,#000000
119,136,386145,#000000
112,123,386146,#000000
112,126,386147,#000000
113,126,386148,#000000
114,126,386149,#000000
115,127,386150,#000000
116,128,386151,#000000
117,129,386152,#000000
118,130,386153,#000000
118,132,386154,#000000
118,133,386155,#000000
118,134,386156,#000000
118,135,386157,#000000
117,136,386158,#000000
117,137,386159,#000000
116,137,386160,#000000
116,138,386161,#000000
115,140,386162,#000000
115,141,386163,#000000
115,139,386164,#000000
116,139,386165,#000000
115,142,386166,#000000
116,143,386167,#000000
117,144,386168,#000000
118,145,386169,#000000
119,146,386170,#000000
120,147,386171,#000000
121,148,386172,#000000
122,149,386173,#000000
123,150,386174,#000000
124,151,386175,#000000
125,151,386176,#000000
126,152,386177,#000000
127,152,386178,#000000
128,153,386179,#000000
129,153,386180,#000000
130,154,386181,#000000
131,154,386182,#000000
132,154,386183,#000000
133,153,386184,#000000
134,153,386185,#000000
124,136,386186,#000000
124,137,386187,#000000
125,138,386188,#000000
125,139,386189,#000000
125,140,386190,#000000
126,141,386191,#000000
126,142,386192,#000000
127,143,386193,#000000
128,144,386194,#000000
129,144,386195,#000000
130,144,386196,#000000
131,144,386197,#000000
132,145,386198,#000000
133,146,386199,#000000
133,147,386200,#000000
133,148,386201,#000000
134,148,386202,#000000
134,149,386203,#000000
134,150,386204,#000000
134,151,386205,#000000
134,152,386206,#000000
135,149,386207,#000000
136,149,386208,#000000
137,149,386209,#000000
138,149,386210,#000000
139,149,386211,#000000
139,150,386212,#000000
138,150,386213,#000000
137,150,386214,#000000
136,150,386215,#282828
135,150,386216,#000000
138,151,386217,#000000
135,151,386218,#000000
135,152,386219,#282828
135,153,386220,#000000
135,154,386221,#000000
136,155,386222,#000000
137,156,386223,#000000
139,157,386224,#000000
140,150,386225,#000000
140,151,386226,#000000
140,152,386227,#000000
140,153,386228,#000000
140,154,386229,#000000
140,155,386230,#000000
140,156,386231,#000000
140,157,386232,#000000
141,150,386233,#000000
141,151,386234,#000000
141,152,386235,#000000
141,153,386236,#000000
141,154,386237,#000000
141,155,386238,#000000
141,156,386239,#000000
138,156,386240,#000000
137,155,386241,#000000
137,154,386242,#000000
137,153,386243,#000000
137,152,386244,#000000
137,151,386245,#000000
136,154,386246,#000000
136,151,386247,#282828
136,153,386248,#282828
136,152,386249,#a0a0a0
133,103,386250,#000000
133,104,386251,#000000
133,105,386252,#000000
132,102,386253,#000000
132,101,386254,#000000
132,100,386255,#000000
133,100,386256,#000000
134,100,386257,#000000
135,100,386258,#000000
136,100,386259,#000000
136,99,386260,#000000
137,99,386261,#000000
137,98,386262,#000000
138,97,386263,#000000
138,96,386264,#000000
139,95,386265,#000000
139,93,386266,#000000
139,94,386267,#000000
139,92,386268,#000000
139,91,386269,#000000
139,89,386270,#000000
139,90,386271,#000000
138,88,386272,#000000
138,89,386273,#000000
138,90,386274,#000000
138,91,386275,#000000
138,92,386276,#000000
138,93,386277,#000000
138,94,386278,#000000
138,95,386279,#000000
137,88,386280,#000000
136,89,386281,#000000
135,91,386282,#000000
135,90,386283,#000000
134,91,386284,#000000
134,92,386285,#000000
134,93,386286,#282828
137,95,386287,#000000
137,96,386288,#000000
137,97,386289,#000000
136,94,386290,#000000
136,95,386291,#000000
136,96,386292,#000000
136,97,386293,#000000
136,98,386294,#000000
135,94,386295,#000000
135,95,386296,#000000
135,96,386297,#000000
135,97,386298,#000000
135,98,386299,#000000
135,99,386300,#000000
135,93,386301,#000000
133,93,386302,#000000
132,94,386303,#000000
132,96,386304,#000000
131,95,386305,#000000
132,95,386306,#000000
133,95,386307,#282828
133,94,386308,#282828
133,96,386309,#282828
133,97,386310,#000000
133,98,386311,#282828
133,99,386312,#000000
135,92,386313,#000000
134,97,386314,#000000
134,98,386315,#000000
134,96,386316,#282828
134,94,386317,#282828
134,95,386318,#505050
134,99,386319,#505050
131,101,386320,#000000
130,101,386321,#000000
129,101,386322,#000000
128,101,386323,#000000
127,101,386324,#000000
126,100,386325,#000000
125,99,386326,#000000
125,98,386327,#000000
124,97,386328,#000000
124,96,386329,#000000
124,95,386330,#000000
125,95,386331,#000000
126,94,386332,#000000
127,94,386333,#000000
128,93,386334,#000000
129,93,386335,#000000
130,94,386336,#000000
123,94,386337,#000000
123,93,386338,#000000
122,92,386339,#000000
122,91,386340,#000000
121,91,386341,#000000
121,90,386342,#000000
121,89,386343,#000000
121,88,386344,#000000
122,87,386345,#000000
122,86,386346,#000000
120,88,386347,#000000
119,88,386348,#000000
118,88,386349,#000000
117,88,386350,#000000
117,90,386351,#000000
117,89,386352,#000000
117,91,386353,#000000
117,92,386354,#000000
118,93,386355,#000000
119,92,386356,#000000
120,92,386357,#000000
123,85,386358,#000000
123,84,386359,#000000
124,83,386360,#000000
124,82,386361,#000000
125,81,386362,#000000
125,80,386363,#000000
126,79,386364,#000000
127,78,386365,#000000
128,78,386366,#000000
129,78,386367,#000000
130,78,386368,#000000
132,77,386369,#000000
131,77,386370,#000000
133,76,386371,#000000
133,75,386372,#000000
134,75,386373,#000000
135,75,386374,#000000
136,75,386375,#000000
137,75,386376,#000000
138,74,386377,#000000
138,73,386378,#000000
139,72,386379,#000000
139,71,386380,#000000
140,70,386381,#000000
140,69,386382,#000000
140,68,386383,#000000
140,67,386384,#000000
140,66,386385,#000000
140,65,386386,#000000
140,64,386387,#000000
139,63,386388,#000000
139,64,386389,#000000
139,65,386390,#000000
139,66,386391,#000000
139,67,386392,#000000
139,68,386393,#000000
139,69,386394,#000000
139,70,386395,#000000
138,63,386396,#000000
137,64,386397,#000000
136,66,386398,#000000
136,65,386399,#000000
135,66,386400,#000000
135,67,386401,#000000
134,68,386402,#000000
133,69,386403,#000000
132,70,386404,#000000
133,71,386405,#000000
133,70,386406,#000000
138,72,386407,#000000
138,71,386408,#000000
138,70,386409,#000000
137,69,386410,#000000
137,70,386411,#000000
137,71,386412,#000000
137,72,386413,#000000
137,73,386414,#000000
137,74,386415,#000000
136,67,386416,#000000
136,68,386417,#000000
136,69,386418,#282828
136,70,386419,#000000
136,71,386420,#000000
136,72,386421,#282828
136,73,386422,#000000
136,74,386423,#000000
134,69,386424,#282828
134,70,386425,#282828
134,71,386426,#000000
134,72,386427,#000000
134,73,386428,#000000
134,74,386429,#000000
135,68,386430,#282828
135,71,386431,#282828
135,73,386432,#282828
135,74,386433,#282828
135,69,386434,#505050
135,70,386435,#505050
135,72,386436,#505050
131,69,386437,#000000
130,68,386438,#000000
129,68,386439,#000000
128,69,386440,#000000
127,69,386441,#000000
126,70,386442,#000000
125,70,386443,#000000
123,71,386444,#000000
122,72,386445,#000000
121,73,386446,#000000
120,74,386447,#000000
119,75,386448,#000000
118,76,386449,#000000
117,77,386450,#000000
116,78,386451,#000000
115,79,386452,#000000
114,80,386453,#000000
113,81,386454,#000000
112,82,386455,#000000
113,83,386456,#000000
114,84,386457,#000000
115,85,386458,#000000
116,86,386459,#000000
116,87,386460,#000000
116,88,386461,#000000
116,89,386462,#000000
116,90,386463,#000000
116,91,386464,#000000
116,92,386465,#000000
116,93,386466,#000000
116,94,386467,#000000
115,95,386468,#000000
115,96,386469,#000000
114,97,386470,#000000
114,98,386471,#000000
114,99,386472,#000000
115,100,386473,#000000
116,101,386474,#000000
117,102,386475,#000000
126,111,386476,#000000
127,111,386477,#000000
125,110,386478,#000000
124,110,386479,#000000
123,109,386480,#000000
118,104,386481,#000000
119,105,386482,#000000
120,106,386483,#000000
121,107,386484,#000000
122,109,386485,#000000
122,110,386486,#000000
122,108,386487,#000000
112,83,386488,#000000
112,84,386489,#000000
112,85,386490,#000000
113,84,386491,#000000
113,85,386492,#000000
113,86,386493,#000000
113,87,386494,#000000
114,86,386495,#000000
114,85,386496,#000000
114,89,386497,#000000
114,87,386498,#000000
114,88,386499,#000000
114,90,386500,#000000
114,91,386501,#000000
114,92,386502,#000000
114,93,386503,#000000
114,94,386504,#000000
114,95,386505,#000000
114,96,386506,#000000
115,94,386507,#000000
115,93,386508,#000000
115,92,386509,#000000
115,91,386510,#000000
115,90,386511,#000000
115,89,386512,#000000
115,88,386513,#000000
115,87,386514,#000000
115,86,386515,#000000
113,98,386516,#000000
113,97,386517,#000000
113,96,386518,#000000
113,95,386519,#000000
113,94,386520,#000000
112,96,386521,#000000
112,97,386522,#000000
112,98,386523,#000000
111,98,386524,#000000
110,98,386525,#000000
109,98,386526,#000000
108,98,386527,#000000
107,98,386528,#000000
106,98,386529,#000000
105,98,386530,#000000
104,98,386531,#000000
111,83,386532,#000000
111,84,386533,#000000
110,83,386534,#000000
109,83,386535,#000000
108,83,386536,#000000
107,83,386537,#000000
106,83,386538,#000000
105,83,386539,#000000
104,83,386540,#000000
113,90,386541,#000000
113,91,386542,#000000
112,90,386543,#000000
111,90,386544,#000000
110,90,386545,#000000
109,90,386546,#282828
108,90,386547,#000000
107,90,386548,#000000
106,90,386549,#000000
105,90,386550,#000000
104,90,386551,#000000
106,91,386552,#000000
107,91,386553,#000000
105,91,386554,#000000
108,91,386555,#000000
109,91,386556,#282828
111,91,386557,#000000
110,91,386558,#282828
112,91,386559,#282828
105,92,386560,#000000
105,93,386561,#000000
105,94,386562,#000000
105,95,386563,#000000
104,92,386564,#000000
104,93,386565,#000000
104,94,386566,#000000
104,95,386567,#000000
104,96,386568,#000000
104,97,386569,#000000
103,91,386570,#000000
106,89,386571,#000000
106,88,386572,#000000
106,87,386573,#000000
106,86,386574,#000000
106,84,386575,#000000
106,85,386576,#000000
105,82,386577,#000000
105,84,386578,#000000
105,85,386579,#000000
104,81,386580,#000000
104,82,386581,#000000
104,84,386582,#000000
104,80,386583,#000000
103,77,386584,#000000
103,78,386585,#000000
103,79,386586,#000000
103,80,386587,#000000
103,81,386588,#000000
103,82,386589,#000000
103,83,386590,#000000
102,76,386591,#000000
101,76,386592,#000000
100,76,386593,#000000
99,77,386594,#000000
98,78,386595,#000000
97,80,386596,#000000
98,79,386597,#000000
97,81,386598,#000000
96,82,386599,#000000
96,83,386600,#000000
96,84,386601,#000000
96,85,386602,#000000
96,86,386603,#000000
95,84,386604,#000000
95,85,386605,#000000
95,86,386606,#000000
94,85,386607,#000000
97,82,386608,#000000
97,83,386609,#000000
97,84,386610,#000000
97,85,386611,#000000
97,86,386612,#000000
97,87,386613,#000000
97,88,386614,#000000
98,85,386615,#000000
98,84,386616,#000000
98,83,386617,#000000
98,82,386618,#282828
98,81,386619,#282828
98,80,386620,#000000
99,78,386621,#000000
100,78,386622,#000000
100,77,386623,#000000
101,77,386624,#000000
102,78,386625,#000000
102,77,386626,#000000
102,79,386627,#000000
102,80,386628,#000000
104,85,386629,#000000
103,85,386630,#000000
102,85,386631,#000000
102,86,386632,#000000
99,86,386633,#000000
100,84,386634,#000000
100,85,386635,#000000
100,86,386636,#000000
101,87,386637,#000000
101,86,386638,#000000
101,85,386639,#000000
97,89,386640,#000000
97,90,386641,#000000
100,88,386642,#000000
99,89,386643,#000000
98,90,386644,#000000
98,86,386645,#000000
99,87,386646,#000000
99,88,386647,#000000
100,87,386648,#000000
100,83,386649,#282828
99,83,386650,#000000
99,84,386651,#000000
99,85,386652,#000000
99,82,386653,#282828
101,84,386654,#282828
99,79,386655,#282828
100,79,386656,#282828
101,79,386657,#282828
101,78,386658,#282828
101,80,386659,#282828
101,81,386660,#282828
102,81,386661,#282828
102,82,386662,#282828
102,83,386663,#282828
102,84,386664,#282828
103,84,386665,#282828
101,83,386666,#282828
100,82,386667,#505050
99,81,386668,#282828
99,80,386669,#282828
100,81,386670,#505050
100,80,386671,#505050
101,82,386672,#505050
96,91,386673,#000000
97,92,386674,#000000
98,92,386675,#000000
99,92,386676,#000000
100,92,386677,#000000
101,92,386678,#000000
102,93,386679,#000000
103,93,386680,#000000
100,94,386681,#000000
99,93,386682,#000000
97,93,386683,#000000
97,94,386684,#000000
97,95,386685,#000000
97,96,386686,#000000
97,97,386687,#000000
97,98,386688,#000000
98,98,386689,#000000
99,98,386690,#000000
100,98,386691,#000000
101,98,386692,#000000
102,98,386693,#000000
103,98,386694,#000000
103,95,386695,#000000
103,96,386696,#000000
103,97,386697,#000000
95,96,386698,#000000
96,96,386699,#000000
95,97,386700,#000000
95,98,386701,#000000
101,93,386702,#000000
103,94,386703,#000000
102,95,386704,#000000
102,96,386705,#000000
102,97,386706,#000000
102,99,386707,#000000
102,100,386708,#000000
102,101,386709,#000000
103,102,386710,#000000
96,97,386711,#000000
96,98,386712,#000000
96,99,386713,#000000
101,99,386714,#000000
101,100,386715,#000000
101,101,386716,#000000
101,102,386717,#000000
102,102,386718,#000000
103,103,386719,#000000
103,104,386720,#000000
103,105,386721,#000000
103,106,386722,#000000
103,107,386723,#000000
103,108,386724,#000000
103,109,386725,#000000
104,105,386726,#000000
104,106,386727,#000000
104,107,386728,#000000
104,108,386729,#000000
104,109,386730,#000000
105,110,386731,#000000
117,103,386732,#000000
116,103,386733,#000000
115,104,386734,#000000
114,105,386735,#000000
113,106,386736,#000000
112,107,386737,#000000
117,104,386738,#000000
111,108,386739,#000000
112,109,386740,#000000
113,110,386741,#000000
114,111,386742,#000000
114,112,386743,#000000
115,113,386744,#000000
116,113,386745,#000000
117,113,386746,#000000
118,113,386747,#000000
119,113,386748,#000000
115,114,386749,#000000
115,115,386750,#000000
110,109,386751,#000000
111,109,386752,#000000
109,109,386753,#000000
108,109,386754,#000000
107,109,386755,#000000
106,109,386756,#000000
105,107,386757,#000000
105,108,386758,#000000
105,109,386759,#000000
110,110,386760,#000000
111,110,386761,#000000
111,111,386762,#000000
112,110,386763,#000000
112,111,386764,#000000
112,112,386765,#000000
113,111,386766,#000000
113,112,386767,#000000
113,113,386768,#000000
113,114,386769,#000000
113,115,386770,#000000
112,113,386771,#000000
114,113,386772,#000000
114,114,386773,#000000
114,115,386774,#000000
114,116,386775,#000000
114,117,386776,#000000
115,116,386777,#000000
115,117,386778,#000000
115,118,386779,#000000
117,118,386780,#000000
119,117,386781,#000000
118,117,386782,#000000
116,114,386783,#000000
116,115,386784,#000000
116,116,386785,#000000
116,117,386786,#000000
115,119,386787,#000000
114,120,386788,#000000
114,121,386789,#000000
113,119,386790,#000000
113,120,386791,#000000
113,121,386792,#000000
113,122,386793,#000000
112,122,386794,#000000
112,121,386795,#000000
112,120,386796,#000000
114,119,386797,#000000
114,118,386798,#000000
113,116,386799,#000000
113,117,386800,#000000
113,118,386801,#000000
111,123,386802,#000000
110,123,386803,#000000
109,123,386804,#000000
108,123,386805,#000000
107,123,386806,#000000
106,123,386807,#000000
105,123,386808,#000000
104,123,386809,#000000
112,116,386810,#000000
111,116,386811,#000000
110,116,386812,#000000
112,117,386813,#000000
111,117,386814,#000000
110,117,386815,#000000
111,122,386816,#000000
110,122,386817,#000000
111,121,386818,#000000
111,126,386819,#000000
110,126,386820,#000000
108,126,386821,#000000
107,126,386822,#000000
106,126,386823,#000000
109,126,386824,#000000
105,111,386825,#000000
105,112,386826,#000000
105,113,386827,#000000
105,114,386828,#000000
105,115,386829,#000000
104,116,386830,#000000
105,116,386831,#000000
106,116,386832,#000000
107,116,386833,#000000
108,116,386834,#000000
109,116,386835,#000000
104,118,386836,#000000
104,119,386837,#000000
104,120,386838,#000000
104,121,386839,#000000
104,122,386840,#000000
109,117,386841,#000000
108,117,386842,#000000
107,117,386843,#000000
106,117,386844,#000000
105,117,386845,#000000
94,97,386846,#000000
94,98,386847,#000000
94,100,386848,#000000
94,99,386849,#000000
94,101,386850,#000000
95,102,386851,#000000
95,103,386852,#000000
96,100,386853,#000000
96,101,386854,#000000
96,102,386855,#000000
96,103,386856,#000000
96,104,386857,#000000
96,105,386858,#000000
96,106,386859,#000000
95,106,386860,#000000
96,107,386861,#000000
95,107,386862,#000000
96,108,386863,#000000
95,108,386864,#000000
94,108,386865,#000000
94,109,386866,#000000
94,110,386867,#000000
93,109,386868,#000000
95,110,386869,#000000
95,109,386870,#000000
96,110,386871,#000000
96,109,386872,#000000
95,99,386873,#282828
95,100,386874,#282828
95,101,386875,#282828
97,100,386876,#000000
97,101,386877,#000000
97,102,386878,#000000
97,103,386879,#000000
97,99,386880,#000000
98,99,386881,#000000
99,99,386882,#000000
99,100,386883,#000000
100,100,386884,#000000
100,99,386885,#000000
100,101,386886,#000000
100,102,386887,#000000
100,103,386888,#000000
101,103,386889,#000000
101,104,386890,#000000
102,104,386891,#000000
102,103,386892,#000000
102,105,386893,#000000
97,111,386894,#000000
97,112,386895,#000000
97,110,386896,#000000
99,115,386897,#000000
100,114,386898,#000000
101,113,386899,#000000
102,112,386900,#000000
102,110,386901,#000000
103,110,386902,#000000
104,110,386903,#d86020
102,111,386904,#000000
101,105,386905,#000000
100,105,386906,#000000
99,105,386907,#000000
100,106,386908,#000000
100,107,386909,#000000
99,107,386910,#000000
99,106,386911,#000000
98,106,386912,#000000
98,107,386913,#000000
97,107,386914,#000000
97,108,386915,#000000
101,106,386916,#282828
100,104,386917,#000000
97,104,386918,#282828
97,105,386919,#282828
97,106,386920,#282828
98,105,386921,#282828
98,100,386922,#282828
98,101,386923,#282828
99,101,386924,#282828
99,102,386925,#282828
99,103,386926,#282828
99,104,386927,#282828
98,104,386928,#282828
98,103,386929,#282828
98,102,386930,#282828
98,112,386931,#000000
99,112,386932,#000000
99,113,386933,#000000
99,114,386934,#000000
100,113,386935,#000000
100,112,386936,#000000
100,111,386937,#000000
101,112,386938,#000000
101,111,386939,#000000
101,110,386940,#000000
101,109,386941,#000000
100,110,386942,#000000
102,109,386943,#000000
102,108,386944,#000000
97,109,386945,#282828
98,109,386946,#282828
98,110,386947,#282828
98,111,386948,#282828
99,111,386949,#282828
98,108,386950,#282828
99,108,386951,#282828
100,108,386952,#282828
101,108,386953,#282828
101,107,386954,#282828
102,106,386955,#282828
102,107,386956,#282828
100,109,386957,#282828
99,109,386958,#282828
99,110,386959,#282828
97,118,386960,#000000
98,118,386961,#000000
99,118,386962,#000000
100,118,386963,#000000
101,119,386964,#000000
102,119,386965,#000000
103,119,386966,#000000
103,120,386967,#000000
103,121,386968,#000000
103,123,386969,#000000
103,122,386970,#000000
102,124,386971,#000000
102,125,386972,#000000
102,126,386973,#282828
103,126,386974,#000000
104,126,386975,#000000
105,126,386976,#000000
102,121,386977,#000000
102,122,386978,#000000
102,123,386979,#000000
101,126,386980,#282828
100,126,386981,#000000
99,126,386982,#000000
98,126,386983,#000000
97,126,386984,#000000
97,125,386985,#000000
103,117,386986,#000000
100,120,386987,#000000
103,124,386988,#000000
103,125,386989,#000000
101,121,386990,#000000
101,122,386991,#000000
101,123,386992,#000000
101,118,386993,#000000
100,121,386994,#000000
100,122,386995,#000000
100,123,386996,#000000
99,123,386997,#000000
99,124,386998,#000000
99,125,386999,#000000
98,124,387000,#000000
98,125,387001,#000000
102,120,387002,#282828
105,121,387003,#000000
105,122,387004,#000000
106,124,387005,#000000
107,125,387006,#000000
106,125,387007,#000000
105,124,387008,#000000
105,125,387009,#000000
104,125,387010,#000000
104,124,387011,#000000
104,127,387012,#000000
104,128,387013,#000000
104,129,387014,#000000
107,127,387015,#000000
107,128,387016,#000000
107,129,387017,#000000
107,130,387018,#000000
112,127,387019,#000000
113,127,387020,#000000
113,128,387021,#000000
114,127,387022,#000000
114,128,387023,#000000
114,129,387024,#000000
114,130,387025,#000000
115,128,387026,#000000
115,129,387027,#000000
115,130,387028,#000000
116,133,387029,#000000
116,132,387030,#000000
116,131,387031,#000000
116,130,387032,#000000
117,130,387033,#000000
116,129,387034,#000000
117,131,387035,#000000
117,132,387036,#000000
117,133,387037,#000000
117,134,387038,#000000
117,135,387039,#000000
116,134,387040,#000000
115,134,387041,#000000
115,135,387042,#000000
115,136,387043,#000000
115,137,387044,#000000
115,138,387045,#000000
116,135,387046,#000000
116,136,387047,#000000
114,138,387048,#000000
114,139,387049,#000000
114,140,387050,#000000
113,140,387051,#000000
113,141,387052,#000000
114,141,387053,#000000
111,127,387054,#000000
112,128,387055,#000000
113,129,387056,#000000
113,130,387057,#000000
114,131,387058,#000000
115,131,387059,#000000
115,132,387060,#000000
115,133,387061,#000000
114,134,387062,#000000
113,134,387063,#000000
112,134,387064,#000000
111,134,387065,#000000
110,134,387066,#000000
114,135,387067,#000000
113,135,387068,#000000
112,135,387069,#000000
111,135,387070,#000000
110,135,387071,#000000
107,131,387072,#000000
107,132,387073,#000000
107,133,387074,#000000
107,134,387075,#000000
107,135,387076,#000000
109,134,387077,#000000
108,134,387078,#000000
106,134,387079,#000000
105,134,387080,#000000
104,134,387081,#000000
103,135,387082,#000000
104,136,387083,#000000
105,136,387084,#000000
106,135,387085,#000000
105,135,387086,#000000
105,137,387087,#000000
105,138,387088,#000000
105,139,387089,#000000
104,137,387090,#000000
104,138,387091,#000000
104,139,387092,#000000
104,140,387093,#000000
104,141,387094,#000000
108,135,387095,#000000
109,135,387096,#000000
114,142,387097,#000000
113,142,387098,#000000
112,142,387099,#000000
111,142,387100,#000000
110,142,387101,#000000
109,142,387102,#000000
108,142,387103,#000000
107,142,387104,#000000
106,142,387105,#000000
105,142,387106,#000000
104,142,387107,#000000
103,142,387108,#000000
102,142,387109,#000000
101,142,387110,#000000
100,142,387111,#000000
99,142,387112,#000000
98,142,387113,#000000
103,139,387114,#000000
103,140,387115,#000000
103,141,387116,#000000
102,137,387117,#000000
101,136,387118,#000000
100,136,387119,#000000
98,136,387120,#000000
106,127,387121,#000000
106,128,387122,#000000
106,129,387123,#000000
105,127,387124,#000000
105,128,387125,#000000
105,129,387126,#000000
103,130,387127,#000000
102,131,387128,#000000
101,132,387129,#000000
100,133,387130,#000000
99,134,387131,#000000
98,134,387132,#000000
97,135,387133,#000000
99,136,387134,#000000
100,137,387135,#000000
101,138,387136,#000000
98,137,387137,#000000
98,138,387138,#000000
98,139,387139,#000000
98,140,387140,#000000
98,141,387141,#000000
101,125,387142,#000000
100,125,387143,#000000
100,124,387144,#000000
101,124,387145,#000000
97,127,387146,#000000
97,128,387147,#000000
98,128,387148,#000000
98,127,387149,#000000
99,133,387150,#000000
99,132,387151,#000000
99,131,387152,#000000
99,130,387153,#000000
99,129,387154,#000000
99,128,387155,#000000
99,127,387156,#000000
98,129,387157,#000000
98,130,387158,#000000
98,131,387159,#000000
98,132,387160,#000000
98,133,387161,#000000
96,128,387162,#000000
100,129,387163,#000000
100,128,387164,#000000
100,127,387165,#000000
101,130,387166,#000000
101,129,387167,#282828
101,128,387168,#282828
101,131,387169,#000000
101,127,387170,#282828
102,127,387171,#282828
103,127,387172,#282828
103,128,387173,#282828
103,129,387174,#282828
102,130,387175,#282828
102,129,387176,#282828
102,128,387177,#282828
103,143,387178,#000000
103,144,387179,#000000
103,137,387180,#000000
103,145,387181,#000000
103,146,387182,#000000
103,147,387183,#000000
103,148,387184,#000000
103,149,387185,#000000
102,150,387186,#000000
101,151,387187,#000000
100,151,387188,#000000
99,151,387189,#000000
98,150,387190,#000000
97,149,387191,#000000
96,147,387192,#000000
96,146,387193,#000000
95,145,387194,#000000
95,144,387195,#000000
95,143,387196,#000000
95,142,387197,#000000
94,142,387198,#000000
95,141,387199,#000000
93,142,387200,#000000
92,143,387201,#000000
92,142,387202,#000000
96,140,387203,#000000
96,141,387204,#000000
96,142,387205,#000000
97,140,387206,#000000
97,141,387207,#000000
97,142,387208,#000000
96,144,387209,#282828
96,145,387210,#000000
97,145,387211,#000000
97,146,387212,#000000
97,147,387213,#000000
97,148,387214,#000000
98,147,387215,#000000
98,148,387216,#000000
98,149,387217,#000000
99,149,387218,#000000
99,150,387219,#000000
100,146,387220,#000000
100,147,387221,#000000
100,148,387222,#000000
100,149,387223,#000000
100,150,387224,#000000
101,149,387225,#000000
101,150,387226,#000000
99,148,387227,#282828
98,143,387228,#000000
98,144,387229,#000000
97,143,387230,#000000
99,143,387231,#000000
99,144,387232,#000000
99,145,387233,#000000
100,143,387234,#000000
100,144,387235,#000000
101,143,387236,#000000
101,144,387237,#000000
101,145,387238,#000000
101,146,387239,#000000
101,147,387240,#000000
102,144,387241,#000000
102,145,387242,#000000
102,146,387243,#000000
102,143,387244,#000000
102,149,387245,#000000
102,148,387246,#000000
96,143,387247,#282828
97,144,387248,#282828
98,145,387249,#282828
98,146,387250,#282828
99,146,387251,#282828
99,147,387252,#282828
100,145,387253,#282828
102,147,387254,#282828
101,148,387255,#282828
91,142,387256,#000000
90,143,387257,#000000
90,144,387258,#000000
90,142,387259,#000000
90,141,387260,#000000
91,141,387261,#000000
91,140,387262,#000000
90,139,387263,#000000
91,139,387264,#000000
92,139,387265,#000000
92,138,387266,#000000
92,137,387267,#000000
95,117,387268,#000000
96,116,387269,#000000
96,118,387270,#000000
96,111,387271,#000000
96,112,387272,#000000
96,113,387273,#000000
96,114,387274,#000000
96,115,387275,#000000
98,115,387276,#000000
97,116,387277,#000000
98,114,387278,#000000
98,113,387279,#000000
92,136,387280,#000000
92,135,387281,#000000
92,134,387282,#000000
92,133,387283,#000000
92,132,387284,#000000
92,131,387285,#000000
92,130,387286,#000000
95,127,387287,#000000
94,126,387288,#000000
93,126,387289,#000000
92,126,387290,#000000
91,127,387291,#000000
91,129,387292,#000000
91,128,387293,#000000
91,130,387294,#000000
90,130,387295,#000000
89,130,387296,#000000
90,127,387297,#000000
89,127,387298,#000000
89,131,387299,#000000
89,132,387300,#000000
89,133,387301,#000000
89,134,387302,#000000
89,135,387303,#000000
89,136,387304,#000000
89,137,387305,#000000
89,138,387306,#000000
88,131,387307,#000000
88,132,387308,#000000
88,133,387309,#000000
88,134,387310,#000000
88,135,387311,#000000
88,136,387312,#000000
88,137,387313,#000000
88,138,387314,#000000
93,132,387315,#000000
93,131,387316,#000000
93,137,387317,#000000
93,138,387318,#000000
94,136,387319,#000000
94,133,387320,#000000
101,120,387321,#000000
96,123,387322,#000000
95,123,387323,#000000
96,124,387324,#000000
95,124,387325,#000000
95,125,387326,#000000
94,124,387327,#000000
94,125,387328,#000000
93,125,387329,#000000
92,125,387330,#000000
96,125,387331,#000000
96,126,387332,#000000
96,127,387333,#000000
95,126,387334,#000000
88,127,387335,#000000
87,126,387336,#000000
86,125,387337,#000000
85,124,387338,#000000
84,122,387339,#000000
84,123,387340,#000000
84,125,387341,#000000
84,124,387342,#000000
84,126,387343,#000000
83,123,387344,#000000
87,125,387345,#000000
87,124,387346,#000000
87,123,387347,#000000
86,122,387348,#000000
87,122,387349,#000000
88,122,387350,#000000
88,123,387351,#000000
88,124,387352,#000000
88,125,387353,#000000
88,126,387354,#000000
89,121,387355,#000000
89,122,387356,#000000
89,123,387357,#000000
89,124,387358,#000000
89,125,387359,#000000
89,126,387360,#000000
90,123,387361,#000000
90,124,387362,#000000
90,126,387363,#000000
91,125,387364,#000000
91,126,387365,#000000
91,123,387366,#000000
92,124,387367,#000000
92,123,387368,#000000
93,124,387369,#000000
94,123,387370,#000000
93,123,387371,#000000
95,122,387372,#000000
96,122,387373,#fb9043
96,121,387374,#000000
94,122,387375,#000000
96,119,387376,#000000
96,120,387377,#000000
98,119,387378,#000000
98,123,387379,#000000
100,119,387380,#d86020
99,120,387381,#000000
99,121,387382,#000000
99,122,387383,#000000
97,124,387384,#000000
83,127,387385,#000000
82,126,387386,#000000
81,126,387387,#000000
81,125,387388,#000000
80,125,387389,#000000
80,126,387390,#000000
80,127,387391,#000000
81,124,387392,#000000
81,123,387393,#000000
80,122,387394,#000000
81,122,387395,#000000
81,121,387396,#000000
82,124,387397,#000000
81,128,387398,#000000
81,129,387399,#000000
80,130,387400,#000000
81,130,387401,#000000
82,130,387402,#000000
78,130,387403,#000000
79,130,387404,#000000
79,131,387405,#000000
80,132,387406,#000000
81,133,387407,#000000
82,133,387408,#000000
80,134,387409,#000000
79,135,387410,#000000
78,136,387411,#000000
79,136,387412,#000000
80,136,387413,#000000
81,136,387414,#000000
82,136,387415,#000000
82,137,387416,#000000
81,138,387417,#000000
80,139,387418,#000000
80,140,387419,#000000
80,141,387420,#000000
81,140,387421,#000000
82,140,387422,#000000
83,139,387423,#000000
83,140,387424,#000000
83,141,387425,#000000
83,142,387426,#000000
83,143,387427,#000000
84,142,387428,#000000
85,141,387429,#000000
86,141,387430,#000000
87,142,387431,#000000
87,143,387432,#000000
87,144,387433,#000000
87,145,387434,#000000
88,144,387435,#000000
89,143,387436,#000000
89,142,387437,#000000
89,141,387438,#000000
88,141,387439,#000000
89,120,387440,#000000
88,120,387441,#000000
90,120,387442,#000000
87,119,387443,#000000
86,119,387444,#000000
87,118,387445,#000000
92,108,387446,#000000
91,108,387447,#000000
90,108,387448,#000000
90,107,387449,#000000
90,106,387450,#000000
89,107,387451,#000000
89,108,387452,#000000
89,109,387453,#000000
89,110,387454,#000000
88,108,387455,#000000
88,109,387456,#000000
87,106,387457,#000000
87,107,387458,#000000
87,108,387459,#000000
87,109,387460,#000000
86,107,387461,#000000
86,108,387462,#000000
86,109,387463,#000000
85,107,387464,#000000
85,108,387465,#000000
84,107,387466,#000000
83,106,387467,#000000
82,105,387468,#000000
82,106,387469,#000000
82,107,387470,#000000
82,108,387471,#000000
81,109,387472,#000000
80,108,387473,#000000
79,108,387474,#000000
78,107,387475,#000000
78,108,387476,#000000
78,109,387477,#000000
79,110,387478,#000000
79,111,387479,#000000
80,112,387480,#000000
79,112,387481,#000000
78,112,387482,#000000
77,112,387483,#000000
76,112,387484,#000000
77,113,387485,#000000
78,114,387486,#000000
79,115,387487,#000000
80,115,387488,#000000
78,116,387489,#000000
77,117,387490,#000000
76,118,387491,#000000
77,118,387492,#000000
78,118,387493,#000000
79,118,387494,#000000
80,118,387495,#000000
80,119,387496,#000000
79,120,387497,#000000
78,121,387498,#000000
78,122,387499,#000000
78,123,387500,#000000
79,122,387501,#000000
89,111,387502,#000000
88,111,387503,#000000
90,111,387504,#000000
90,112,387505,#000000
90,113,387506,#000000
90,114,387507,#000000
90,115,387508,#000000
90,116,387509,#000000
90,117,387510,#000000
90,118,387511,#000000
90,119,387512,#000000
87,112,387513,#000000
87,113,387514,#000000
87,114,387515,#000000
87,115,387516,#000000
87,116,387517,#000000
87,117,387518,#000000
86,112,387519,#000000
86,113,387520,#000000
86,114,387521,#000000
86,115,387522,#000000
86,116,387523,#000000
86,117,387524,#000000
86,118,387525,#000000
91,112,387526,#000000
91,113,387527,#000000
91,118,387528,#000000
91,119,387529,#000000
92,114,387530,#000000
92,117,387531,#000000
93,98,387532,#000000
92,98,387533,#000000
91,98,387534,#000000
91,99,387535,#000000
90,98,387536,#000000
90,97,387537,#000000
90,96,387538,#000000
91,95,387539,#000000
90,95,387540,#000000
89,95,387541,#000000
88,94,387542,#000000
87,94,387543,#000000
87,93,387544,#000000
88,93,387545,#000000
91,94,387546,#000000
91,93,387547,#000000
91,92,387548,#000000
91,91,387549,#000000
91,90,387550,#000000
89,97,387551,#000000
89,98,387552,#000000
89,99,387553,#000000
89,100,387554,#000000
88,97,387555,#000000
88,98,387556,#000000
88,99,387557,#000000
87,97,387558,#000000
87,100,387559,#000000
86,99,387560,#000000
86,100,387561,#000000
86,101,387562,#000000
85,98,387563,#000000
85,97,387564,#000000
84,98,387565,#000000
83,99,387566,#000000
82,100,387567,#000000
82,99,387568,#000000
82,98,387569,#000000
82,97,387570,#000000
82,96,387571,#000000
81,97,387572,#000000
80,97,387573,#000000
79,96,387574,#000000
79,97,387575,#000000
79,98,387576,#000000
80,95,387577,#000000
81,94,387578,#000000
81,93,387579,#000000
80,93,387580,#000000
79,93,387581,#000000
78,93,387582,#000000
77,93,387583,#000000
78,92,387584,#000000
79,91,387585,#000000
80,90,387586,#000000
81,90,387587,#000000
79,89,387588,#000000
78,88,387589,#000000
77,87,387590,#000000
78,87,387591,#000000
79,87,387592,#000000
80,87,387593,#000000
81,87,387594,#000000
80,86,387595,#000000
80,85,387596,#000000
79,84,387597,#000000
79,83,387598,#000000
79,82,387599,#000000
80,83,387600,#000000
81,83,387601,#000000
82,84,387602,#000000
83,83,387603,#000000
83,82,387604,#000000
83,81,387605,#000000
83,80,387606,#000000
84,81,387607,#000000
85,82,387608,#000000
86,83,387609,#000000
86,82,387610,#000000
87,82,387611,#000000
87,83,387612,#000000
87,84,387613,#000000
88,81,387614,#000000
88,82,387615,#000000
88,83,387616,#000000
88,84,387617,#000000
89,84,387618,#000000
89,83,387619,#000000
90,82,387620,#000000
90,83,387621,#000000
90,84,387622,#000000
90,85,387623,#000000
90,86,387624,#000000
89,86,387625,#000000
91,86,387626,#000000
91,87,387627,#000000
91,88,387628,#000000
91,89,387629,#000000
88,87,387630,#000000
88,88,387631,#000000
88,89,387632,#000000
88,90,387633,#000000
88,91,387634,#000000
88,92,387635,#000000
87,87,387636,#000000
87,88,387637,#000000
87,89,387638,#000000
87,90,387639,#000000
87,91,387640,#000000
87,92,387641,#000000
91,83,387642,#000000
91,82,387643,#000000
91,81,387644,#000000
92,83,387645,#000000
93,84,387646,#000000
92,88,387647,#000000
92,87,387648,#000000
92,94,387649,#000000
92,93,387650,#000000
93,92,387651,#000000
93,89,387652,#000000
91,124,387653,#1840f8
90,125,387654,#1840f8
93,88,387655,#4880b0
94,89,387656,#4880b0
94,88,387657,#4880b0
94,92,387658,#4880b0
94,93,387659,#4880b0
93,93,387660,#4880b0
92,113,387661,#4880b0
93,113,387662,#4880b0
93,114,387663,#4880b0
92,118,387664,#4880b0
93,117,387665,#4880b0
93,118,387666,#4880b0
94,132,387667,#4880b0
95,132,387668,#4880b0
95,133,387669,#4880b0
95,136,387670,#4880b0
95,137,387671,#4880b0
94,137,387672,#4880b0
89,87,387673,#a0a0a0
89,88,387674,#a0a0a0
89,89,387675,#a0a0a0
89,90,387676,#a0a0a0
89,91,387677,#a0a0a0
89,92,387678,#a0a0a0
89,93,387679,#a0a0a0
89,94,387680,#a0a0a0
90,94,387681,#a0a0a0
90,93,387682,#a0a0a0
90,91,387683,#a0a0a0
90,87,387684,#a0a0a0
88,112,387685,#a0a0a0
88,113,387686,#a0a0a0
88,114,387687,#a0a0a0
88,115,387688,#a0a0a0
88,116,387689,#a0a0a0
88,117,387690,#a0a0a0
88,118,387691,#a0a0a0
88,119,387692,#a0a0a0
89,119,387693,#a0a0a0
89,113,387694,#a0a0a0
90,131,387695,#a0a0a0
90,132,387696,#a0a0a0
90,133,387697,#a0a0a0
90,134,387698,#a0a0a0
90,135,387699,#a0a0a0
90,136,387700,#a0a0a0
90,137,387701,#a0a0a0
90,138,387702,#a0a0a0
91,138,387703,#a0a0a0
91,132,387704,#a0a0a0
80,84,387705,#d09018
81,84,387706,#d09018
81,85,387707,#d09018
82,85,387708,#d09018
83,85,387709,#d09018
83,84,387710,#d09018
84,84,387711,#d09018
84,82,387712,#d09018
84,83,387713,#d09018
85,83,387714,#d09018
86,84,387715,#d09018
87,85,387716,#d09018
88,85,387717,#d09018
89,85,387718,#d09018
88,86,387719,#d09018
86,87,387720,#d09018
86,88,387721,#d09018
86,89,387722,#d09018
85,90,387723,#d09018
86,90,387724,#d09018
85,93,387725,#f8e048
85,94,387726,#f8e048
86,93,387727,#d09018
86,94,387728,#f8e048
86,95,387729,#f8e048
87,95,387730,#d09018
88,95,387731,#d09018
89,96,387732,#d09018
86,98,387733,#d09018
87,98,387734,#d09018
87,99,387735,#d09018
84,97,387736,#d09018
83,97,387737,#f8e048
83,98,387738,#d09018
82,95,387739,#f8e048
80,96,387740,#d09018
81,96,387741,#d09018
81,95,387742,#d09018
82,94,387743,#d09018
82,93,387744,#d09018
81,92,387745,#d09018
79,92,387746,#d09018
80,92,387747,#d09018
80,91,387748,#d09018
81,91,387749,#f8e048
82,91,387750,#d09018
82,90,387751,#d09018
81,89,387752,#d09018
80,89,387753,#d09018
79,88,387754,#d09018
80,88,387755,#d09018
82,87,387756,#d09018
91,85,387757,#d09018
91,97,387758,#d86020
79,109,387759,#d09018
80,109,387760,#d09018
80,110,387761,#d09018
80,111,387762,#d09018
81,110,387763,#d09018
82,110,387764,#d09018
82,109,387765,#d09018
83,109,387766,#d09018
83,108,387767,#d09018
83,107,387768,#d09018
84,108,387769,#d09018
84,109,387770,#d09018
85,109,387771,#d09018
85,110,387772,#d09018
86,110,387773,#d09018
87,110,387774,#d09018
88,110,387775,#d09018
85,112,387776,#d09018
85,113,387777,#d09018
85,114,387778,#d09018
78,113,387779,#d09018
79,113,387780,#d09018
80,113,387781,#d09018
81,112,387782,#d09018
78,117,387783,#d09018
79,116,387784,#d09018
81,115,387785,#d09018
81,118,387786,#d09018
81,119,387787,#d09018
79,121,387788,#d09018
80,121,387789,#d09018
82,121,387790,#d09018
82,122,387791,#d09018
84,121,387792,#d09018
85,121,387793,#d09018
82,123,387794,#d09018
85,122,387795,#d09018
85,123,387796,#d09018
86,124,387797,#d09018
86,123,387798,#d09018
87,121,387799,#d09018
88,121,387800,#d09018
87,120,387801,#d09018
85,117,387802,#d09018
90,110,387803,#d09018
90,121,387804,#d09018
80,131,387805,#d09018
81,131,387806,#d09018
82,131,387807,#d09018
83,131,387808,#d09018
83,130,387809,#d09018
84,130,387810,#d09018
81,127,387811,#d09018
82,127,387812,#d09018
82,128,387813,#d09018
83,128,387814,#d09018
84,128,387815,#d09018
84,127,387816,#d09018
85,128,387817,#d09018
85,125,387818,#d09018
85,126,387819,#d09018
86,126,387820,#d09018
87,127,387821,#d09018
88,128,387822,#d09018
89,128,387823,#d09018
90,128,387824,#d09018
88,130,387825,#d09018
87,130,387826,#d09018
87,131,387827,#d09018
87,132,387828,#d09018
87,136,387829,#d09018
80,135,387830,#d09018
81,134,387831,#d09018
82,134,387832,#d09018
83,133,387833,#d09018
83,136,387834,#d09018
81,139,387835,#d09018
82,138,387836,#d09018
83,137,387837,#d09018
84,136,387838,#d09018
84,141,387839,#d09018
84,140,387840,#d09018
84,139,387841,#d09018
87,141,387842,#d09018
86,139,387843,#d09018
88,139,387844,#d09018
86,140,387845,#000000
88,143,387846,#d09018
88,142,387847,#d09018
89,139,387848,#d09018
92,140,387849,#d09018
90,140,387850,#d09018
92,128,387851,#f8ebce
90,129,387852,#d09018
81,135,387853,#f8e048
82,135,387854,#f8e048
83,135,387855,#f8e048
84,135,387856,#f8e048
84,134,387857,#f8e048
83,134,387858,#f8e048
85,134,387859,#f8e048
85,133,387860,#f8e048
85,132,387861,#f8e048
84,132,387862,#f8e048
84,133,387863,#f8e048
83,132,387864,#f8e048
82,132,387865,#f8e048
81,132,387866,#f8e048
85,131,387867,#f8e048
84,131,387868,#f8e048
85,130,387869,#f8e048
85,129,387870,#f8e048
82,129,387871,#f8e048
83,129,387872,#f8e048
84,129,387873,#f8e048
85,127,387874,#f8e048
86,127,387875,#f8e048
86,128,387876,#f8e048
87,128,387877,#f8e048
86,129,387878,#f8e048
87,129,387879,#f8e048
88,129,387880,#f8e048
89,129,387881,#f8e048
86,130,387882,#f8e048
86,131,387883,#f8e048
86,132,387884,#f8e048
86,133,387885,#f8e048
86,134,387886,#f8e048
86,135,387887,#f8e048
86,136,387888,#f8e048
85,135,387889,#f8e048
85,136,387890,#f8e048
85,137,387891,#f8e048
85,138,387892,#f8e048
84,137,387893,#f8e048
83,138,387894,#f8e048
82,139,387895,#f8e048
84,138,387896,#f8e048
85,139,387897,#f8e048
85,140,387898,#f8e048
86,138,387899,#f8e048
86,137,387900,#f8e048
87,137,387901,#f8e048
87,138,387902,#f8e048
87,140,387903,#f8e048
87,139,387904,#f8e048
88,140,387905,#f8e048
89,140,387906,#f8e048
87,133,387907,#f8e048
87,134,387908,#f8e048
87,135,387909,#f8e048
79,117,387910,#f8e048
80,117,387911,#f8e048
81,117,387912,#f8e048
81,116,387913,#f8e048
82,116,387914,#f8e048
80,116,387915,#f8e048
82,117,387916,#f8e048
82,118,387917,#f8e048
80,120,387918,#f8e048
81,120,387919,#f8e048
82,120,387920,#f8e048
83,120,387921,#f8e048
83,119,387922,#f8e048
82,119,387923,#f8e048
83,121,387924,#f8e048
83,122,387925,#f8e048
84,120,387926,#f8e048
85,120,387927,#f8e048
86,120,387928,#f8e048
86,121,387929,#f8e048
84,119,387930,#f8e048
85,119,387931,#f8e048
85,118,387932,#f8e048
84,118,387933,#f8e048
83,118,387934,#f8e048
83,117,387935,#f8e048
84,117,387936,#f8e048
83,116,387937,#f8e048
84,116,387938,#f8e048
85,116,387939,#f8e048
85,115,387940,#f8e048
84,115,387941,#f8e048
83,115,387942,#f8e048
82,115,387943,#f8e048
82,114,387944,#f8e048
79,114,387945,#f8e048
80,114,387946,#f8e048
81,114,387947,#f8e048
83,114,387948,#f8e048
84,114,387949,#f8e048
83,113,387950,#f8e048
82,113,387951,#f8e048
81,113,387952,#f8e048
84,113,387953,#f8e048
83,112,387954,#f8e048
82,112,387955,#f8e048
81,111,387956,#f8e048
82,111,387957,#f8e048
83,111,387958,#f8e048
84,111,387959,#f8e048
84,112,387960,#f8e048
83,110,387961,#f8e048
84,110,387962,#f8e048
85,111,387963,#f8e048
86,111,387964,#f8e048
87,111,387965,#f8e048
82,92,387966,#f8e048
83,92,387967,#f8e048
84,92,387968,#f8e048
85,92,387969,#f8e048
86,92,387970,#f8e048
86,91,387971,#f8e048
85,91,387972,#f8e048
84,91,387973,#f8e048
83,91,387974,#f8e048
83,90,387975,#f8e048
83,89,387976,#f8e048
82,89,387977,#f8e048
81,88,387978,#f8e048
84,96,387979,#f8e048
83,96,387980,#f8e048
83,95,387981,#f8e048
84,94,387982,#f8e048
84,93,387983,#f8e048
85,95,387984,#f8e048
84,95,387985,#f8e048
83,93,387986,#f8e048
83,94,387987,#f8e048
85,96,387988,#f8e048
86,97,387989,#f8e048
86,96,387990,#f8e048
87,96,387991,#f8e048
88,96,387992,#f8e048
82,88,387993,#f8e048
83,88,387994,#f8e048
84,88,387995,#f8e048
84,89,387996,#f8e048
84,90,387997,#f8e048
84,87,387998,#f8e048
83,86,387999,#f8e048
83,87,388000,#f8e048
81,86,388001,#f8e048
82,86,388002,#f8e048
84,86,388003,#f8e048
84,85,388004,#f8e048
85,85,388005,#f8e048
85,84,388006,#f8e048
86,85,388007,#f8e048
87,86,388008,#f8e048
86,86,388009,#f8e048
85,86,388010,#f8e048
85,87,388011,#f8e048
85,89,388012,#f8e048
85,88,388013,#f8e048
92,84,388014,#d86020
93,85,388015,#d86020
91,84,388016,#fb9043
93,86,388017,#fb9043
94,86,388018,#d86020
96,87,388019,#d86020
96,88,388020,#d86020
96,89,388021,#fb9043
96,93,388022,#d86020
95,94,388023,#fb9043
96,95,388024,#fb9043
96,94,388025,#d86020
93,96,388026,#fb9043
93,97,388027,#d86020
92,97,388028,#fb9043
92,85,388029,#d86020
94,91,388030,#d86020
94,90,388031,#fb9043
93,91,388032,#fb9043
96,92,388033,#fb9043
96,90,388034,#fb9043
95,88,388035,#fb9043
95,87,388036,#fb9043
95,89,388037,#fb9043
95,93,388038,#fb9043
94,96,388039,#fb9043
94,95,388040,#d86020
93,90,388041,#f8c880
92,91,388042,#f8ebce
92,89,388043,#f8c880
94,87,388044,#f8c880
95,90,388045,#f8c880
95,92,388046,#f8c880
95,95,388047,#f8c880
93,94,388048,#f8c880
92,96,388049,#f8c880
92,95,388050,#f8c880
92,90,388051,#f8ebce
92,92,388052,#f8ebce
92,86,388053,#f8ebce
93,87,388054,#f8ebce
95,91,388055,#f8ebce
94,94,388056,#f8ebce
93,95,388057,#f8ebce
91,96,388058,#f8ebce
97,91,388059,#f8ebce
99,91,388060,#f8c880
98,91,388061,#f8ebce
100,91,388062,#f8c880
101,91,388063,#f8c880
102,91,388064,#fb9043
103,92,388065,#fb9043
104,91,388066,#fb9043
103,90,388067,#fb9043
104,86,388068,#fb9043
104,87,388069,#f8c880
104,88,388070,#d86020
101,88,388071,#fb9043
102,88,388072,#fb9043
103,87,388073,#fb9043
101,89,388074,#d86020
100,90,388075,#d86020
101,90,388076,#fb9043
100,95,388077,#f8ebce
100,96,388078,#f8c880
100,97,388079,#fb9043
98,97,388080,#fb9043
99,96,388081,#fb9043
100,93,388082,#fb9043
101,94,388083,#fb9043
102,94,388084,#d86020
101,95,388085,#d86020
101,96,388086,#d86020
101,97,388087,#d86020
98,95,388088,#f8ebce
99,97,388089,#d86020
99,90,388090,#d86020
100,89,388091,#d86020
102,89,388092,#d86020
105,86,388093,#d86020
105,87,388094,#d86020
105,88,388095,#d86020
105,89,388096,#d86020
103,86,388097,#d86020
102,87,388098,#d86020
103,88,388099,#f8c880
104,89,388100,#f8c880
98,88,388101,#f8c880
98,89,388102,#f8c880
98,93,388103,#f8c880
99,95,388104,#f8c880
102,92,388105,#f8c880
102,90,388106,#f8c880
103,89,388107,#f8c880
99,94,388108,#f8ebce
98,94,388109,#f8ebce
98,96,388110,#f8ebce
98,87,388111,#f8ebce
90,109,388112,#d86020
91,109,388113,#d86020
93,110,388114,#d86020
95,111,388115,#d86020
95,112,388116,#d86020
95,113,388117,#d86020
95,121,388118,#000000
90,122,388119,#d86020
92,121,388120,#f8c880
93,122,388121,#d86020
93,120,388122,#d86020
92,120,388123,#d86020
92,116,388124,#d86020
93,115,388125,#d86020
98,116,388126,#d86020
99,116,388127,#d86020
100,115,388128,#d86020
101,114,388129,#d86020
102,113,388130,#d86020
103,112,388131,#d86020
103,114,388132,#fb9043
104,115,388133,#d86020
104,114,388134,#d86020
104,113,388135,#d86020
102,117,388136,#d86020
103,118,388137,#d86020
103,116,388138,#d86020
104,117,388139,#d86020
98,120,388140,#fb9043
98,121,388141,#d86020
99,119,388142,#d86020
95,135,388143,#d86020
92,141,388144,#d86020
94,140,388145,#d86020
94,141,388146,#d86020
95,139,388147,#d86020
96,139,388148,#d86020
97,139,388149,#d86020
97,137,388150,#d86020
97,136,388151,#d86020
97,133,388152,#d86020
97,132,388153,#d86020
96,131,388154,#d86020
97,130,388155,#d86020
97,129,388156,#d86020
95,128,388157,#d86020
94,127,388158,#d86020
93,128,388159,#d86020
92,127,388160,#d86020
100,134,388161,#f8ebce
101,133,388162,#d86020
102,133,388163,#d86020
103,132,388164,#d86020
103,131,388165,#d86020
104,131,388166,#d86020
104,130,388167,#d86020
105,130,388168,#d86020
105,132,388169,#d86020
106,133,388170,#d86020
104,135,388171,#d86020
102,135,388172,#f8ebce
103,136,388173,#d86020
103,134,388174,#d86020
103,138,388175,#d86020
102,138,388176,#fb9043
101,141,388177,#fb9043
102,140,388178,#d86020
102,141,388179,#d86020
101,139,388180,#f8ebce
91,122,388181,#fb9043
91,120,388182,#fb9043
92,122,388183,#fb9043
94,120,388184,#fb9043
94,121,388185,#000000
95,118,388186,#fb9043
95,119,388187,#fb9043
93,119,388188,#fb9043
93,116,388189,#fb9043
92,115,388190,#fb9043
91,116,388191,#fb9043
95,116,388192,#fb9043
95,115,388193,#fb9043
94,114,388194,#fb9043
94,112,388195,#fb9043
91,110,388196,#fb9043
92,110,388197,#fb9043
92,109,388198,#fb9043
93,112,388199,#fb9043
94,111,388200,#fb9043
100,116,388201,#fb9043
101,115,388202,#fb9043
103,111,388203,#fb9043
104,112,388204,#fb9043
104,111,388205,#fb9043
103,115,388206,#fb9043
102,116,388207,#fb9043
102,118,388208,#fb9043
97,122,388209,#fb9043
97,121,388210,#fb9043
95,120,388211,#fb9043
94,117,388212,#fb9043
103,133,388213,#fb9043
102,132,388214,#fb9043
97,131,388215,#fb9043
94,128,388216,#fb9043
93,129,388217,#fb9043
94,130,388218,#fb9043
96,129,388219,#f8c880
96,133,388220,#f8ebce
97,134,388221,#fb9043
96,138,388222,#fb9043
95,140,388223,#fb9043
93,140,388224,#fb9043
94,138,388225,#fb9043
94,134,388226,#fb9043
101,140,388227,#fb9043
99,140,388228,#f8ebce
100,138,388229,#fb9043
100,140,388230,#f8ebce
101,134,388231,#f8ebce
104,133,388232,#fb9043
106,132,388233,#fb9043
106,130,388234,#fb9043
106,131,388235,#fb9043
105,131,388236,#f8c880
105,133,388237,#f8c880
102,134,388238,#f8c880
101,135,388239,#f8c880
100,135,388240,#f8c880
100,132,388241,#f8c880
101,137,388242,#f8c880
99,139,388243,#f8c880
99,138,388244,#f8c880
100,141,388245,#f8c880
97,123,388246,#f8c880
98,122,388247,#f8c880
100,117,388248,#f8c880
99,117,388249,#f8c880
98,117,388250,#f8c880
101,117,388251,#f8c880
97,114,388252,#f8c880
97,115,388253,#f8c880
102,115,388254,#f8c880
102,114,388255,#f8c880
94,115,388256,#f8c880
94,116,388257,#f8c880
95,114,388258,#f8c880
92,111,388259,#f8c880
91,114,388260,#f8c880
94,118,388261,#f8c880
91,121,388262,#f8c880
93,136,388263,#f8c880
94,135,388264,#f8c880
95,134,388265,#f8c880
96,135,388266,#f8c880
95,138,388267,#f8c880
94,139,388268,#f8c880
93,141,388269,#f8c880
95,130,388270,#f8ebce
93,127,388271,#f8c880
95,131,388272,#f8c880
100,130,388273,#f8ebce
100,131,388274,#f8ebce
98,135,388275,#f8ebce
99,135,388276,#f8ebce
102,136,388277,#f8ebce
104,132,388278,#f8ebce
102,139,388279,#f8ebce
99,137,388280,#f8ebce
99,141,388281,#f8ebce
100,139,388282,#f8ebce
96,136,388283,#f8ebce
96,137,388284,#f8ebce
97,138,388285,#f8ebce
93,139,388286,#f8ebce
93,133,388287,#f8ebce
93,134,388288,#f8ebce
93,135,388289,#f8ebce
94,131,388290,#f8ebce
93,130,388291,#f8ebce
92,129,388292,#f8ebce
95,129,388293,#f8ebce
94,129,388294,#f8ebce
96,130,388295,#f8ebce
96,132,388296,#f8ebce
96,134,388297,#f8ebce
91,115,388298,#f8ebce
91,117,388299,#f8ebce
92,119,388300,#f8ebce
94,119,388301,#f8ebce
93,121,388302,#f8ebce
93,111,388303,#f8ebce
92,112,388304,#f8ebce
91,111,388305,#f8ebce
94,113,388306,#f8ebce
97,113,388307,#f8ebce
97,117,388308,#f8ebce
96,117,388309,#f8ebce
97,119,388310,#f8ebce
97,120,388311,#f8ebce
91,133,388312,#ffffff
91,134,388313,#ffffff
91,135,388314,#ffffff
91,136,388315,#ffffff
91,137,388316,#ffffff
91,131,388317,#ffffff
89,115,388318,#ffffff
89,116,388319,#ffffff
89,117,388320,#ffffff
89,118,388321,#ffffff
89,114,388322,#ffffff
89,112,388323,#ffffff
90,88,388324,#ffffff
90,89,388325,#ffffff
90,90,388326,#ffffff
90,92,388327,#ffffff
107,89,388328,#e84000
107,88,388329,#e84000
107,87,388330,#e84000
107,86,388331,#e84000
107,85,388332,#e84000
107,84,388333,#e84000
108,84,388334,#e84000
109,84,388335,#e84000
109,85,388336,#e84000
108,85,388337,#e84000
108,86,388338,#e84000
108,87,388339,#e84000
109,87,388340,#e84000
110,87,388341,#e84000
109,88,388342,#e84000
108,88,388343,#e84000
110,88,388344,#e84000
111,88,388345,#e84000
111,87,388346,#e84000
110,86,388347,#e84000
109,86,388348,#e84000
110,85,388349,#e84000
109,89,388350,#e84000
108,89,388351,#e84000
107,93,388352,#e84000
106,93,388353,#e84000
108,93,388354,#e84000
108,92,388355,#e84000
109,92,388356,#e84000
107,92,388357,#e84000
106,92,388358,#e84000
106,94,388359,#e84000
106,95,388360,#e84000
107,95,388361,#e84000
107,94,388362,#e84000
108,94,388363,#e84000
108,95,388364,#e84000
106,96,388365,#e84000
105,96,388366,#e84000
105,97,388367,#e84000
106,97,388368,#e84000
107,96,388369,#e84000
108,96,388370,#e84000
109,96,388371,#e84000
110,96,388372,#e84000
111,96,388373,#e84000
111,97,388374,#e84000
110,97,388375,#e84000
111,95,388376,#e84000
112,95,388377,#e84000
112,94,388378,#e84000
112,93,388379,#e84000
113,93,388380,#e84000
113,88,388381,#e84000
113,89,388382,#e84000
120,89,388383,#e84000
120,90,388384,#e84000
120,91,388385,#e84000
119,91,388386,#e84000
118,92,388387,#e84000
113,82,388388,#e84000
114,82,388389,#e84000
114,83,388390,#e84000
115,83,388391,#e84000
115,84,388392,#e84000
116,84,388393,#e84000
116,85,388394,#e84000
117,86,388395,#e84000
118,87,388396,#e84000
117,87,388397,#e84000
119,87,388398,#e84000
120,87,388399,#e84000
119,84,388400,#f89840
120,86,388401,#e84000
121,87,388402,#e84000
121,86,388403,#e84000
121,85,388404,#e84000
121,84,388405,#e84000
122,84,388406,#e84000
122,85,388407,#e84000
120,85,388408,#f89840
120,84,388409,#f89840
120,83,388410,#e84000
121,83,388411,#e84000
122,82,388412,#e84000
121,82,388413,#e84000
120,82,388414,#e84000
122,83,388415,#e84000
123,82,388416,#e84000
121,80,388417,#e84000
122,79,388418,#e84000
122,80,388419,#e84000
122,81,388420,#e84000
121,81,388421,#e84000
123,80,388422,#e84000
123,79,388423,#e84000
123,81,388424,#e84000
123,83,388425,#e84000
114,81,388426,#e84000
115,80,388427,#e84000
116,79,388428,#e84000
117,78,388429,#e84000
118,78,388430,#e84000
118,77,388431,#e84000
119,77,388432,#f89840
119,76,388433,#e84000
120,76,388434,#f89840
120,75,388435,#e84000
121,75,388436,#f89840
121,74,388437,#e84000
122,74,388438,#f89840
122,73,388439,#e84000
123,73,388440,#e84000
123,72,388441,#e84000
124,72,388442,#e84000
125,71,388443,#e84000
126,71,388444,#e84000
127,71,388445,#f89840
127,70,388446,#e84000
128,70,388447,#e84000
129,70,388448,#e84000
129,69,388449,#e84000
130,69,388450,#e84000
130,70,388451,#e84000
130,71,388452,#e84000
131,71,388453,#e84000
131,70,388454,#e84000
125,76,388455,#e84000
125,77,388456,#e84000
124,77,388457,#e84000
124,78,388458,#e84000
124,79,388459,#e84000
124,80,388460,#e84000
124,71,388461,#000000
124,81,388462,#e84000
125,78,388463,#e84000
125,79,388464,#e84000
126,77,388465,#e84000
126,78,388466,#e84000
126,76,388467,#e84000
127,76,388468,#e84000
128,76,388469,#e84000
128,77,388470,#e84000
127,77,388471,#e84000
129,76,388472,#e84000
129,77,388473,#e84000
130,77,388474,#e84000
130,76,388475,#e84000
130,75,388476,#e84000
131,75,388477,#e84000
129,75,388478,#e84000
128,75,388479,#e84000
128,74,388480,#e84000
127,74,388481,#f89840
127,75,388482,#e84000
126,75,388483,#f89840
129,74,388484,#e84000
123,78,388485,#e84000
119,86,388486,#f89840
119,83,388487,#f89840
118,85,388488,#f89840
118,86,388489,#e84000
119,85,388490,#f89840
117,85,388491,#e84000
129,73,388492,#f89840
130,73,388493,#e84000
130,72,388494,#e84000
131,72,388495,#e84000
131,73,388496,#e84000
131,74,388497,#e84000
130,74,388498,#e84000
131,76,388499,#e84000
132,75,388500,#e84000
132,76,388501,#e84000
132,74,388502,#e84000
132,71,388503,#e84000
117,93,388504,#e84000
117,94,388505,#e84000
117,95,388506,#e84000
116,95,388507,#e84000
116,96,388508,#e84000
115,97,388509,#e84000
115,98,388510,#e84000
115,99,388511,#e84000
116,99,388512,#e84000
117,96,388513,#e84000
118,96,388514,#f89840
118,95,388515,#e84000
118,94,388516,#e84000
119,95,388517,#e84000
119,94,388518,#e84000
120,94,388519,#e84000
120,93,388520,#e84000
119,93,388521,#e84000
121,93,388522,#e84000
121,94,388523,#e84000
121,96,388524,#e84000
121,95,388525,#e84000
122,100,388526,#f89840
122,99,388527,#f89840
123,99,388528,#e84000
122,98,388529,#f89840
122,97,388530,#e84000
123,96,388531,#e84000
122,96,388532,#e84000
122,95,388533,#e84000
123,95,388534,#e84000
122,93,388535,#e84000
122,94,388536,#e84000
121,92,388537,#e84000
120,95,388538,#e84000
120,96,388539,#f89840
121,97,388540,#f89840
121,98,388541,#f89840
123,97,388542,#e84000
123,98,388543,#e84000
123,100,388544,#f89840
123,101,388545,#f89840
123,102,388546,#f89840
124,102,388547,#f89840
124,101,388548,#f89840
124,100,388549,#e84000
124,99,388550,#e84000
124,98,388551,#e84000
124,103,388552,#f89840
125,105,388553,#f89840
125,104,388554,#f89840
125,103,388555,#f89840
125,102,388556,#f89840
125,100,388557,#e84000
125,101,388558,#e84000
126,103,388559,#f89840
126,102,388560,#e84000
126,101,388561,#e84000
126,104,388562,#f89840
126,105,388563,#f89840
126,106,388564,#f89840
126,107,388565,#f89840
127,108,388566,#e84000
127,107,388567,#e84000
127,106,388568,#e84000
127,103,388569,#e84000
127,104,388570,#f89840
127,105,388571,#f89840
128,105,388572,#e84000
128,106,388573,#e84000
128,107,388574,#e84000
129,108,388575,#e84000
129,109,388576,#e84000
129,110,388577,#e84000
129,107,388578,#e84000
129,106,388579,#e84000
128,111,388580,#e84000
128,110,388581,#e84000
128,109,388582,#e84000
128,108,388583,#e84000
127,109,388584,#e84000
126,109,388585,#e84000
126,110,388586,#e84000
127,110,388587,#e84000
125,109,388588,#e84000
124,109,388589,#e84000
124,108,388590,#e84000
123,108,388591,#e84000
123,107,388592,#e84000
123,106,388593,#f89840
122,106,388594,#e84000
122,107,388595,#e84000
121,106,388596,#e84000
121,104,388597,#f89840
120,105,388598,#e84000
121,105,388599,#e84000
120,104,388600,#e84000
119,104,388601,#e84000
119,103,388602,#e84000
118,103,388603,#e84000
118,102,388604,#e84000
118,101,388605,#f89840
117,101,388606,#e84000
116,100,388607,#e84000
116,97,388608,#e84000
125,107,388609,#f89840
124,107,388610,#f89840
126,108,388611,#e84000
125,108,388612,#e84000
129,105,388613,#e84000
129,104,388614,#e84000
130,104,388615,#e84000
130,103,388616,#e84000
129,103,388617,#e84000
128,103,388618,#e84000
127,102,388619,#e84000
128,102,388620,#e84000
129,102,388621,#e84000
130,102,388622,#e84000
128,104,388623,#e84000
131,102,388624,#e84000
131,103,388625,#e84000
131,104,388626,#e84000
132,104,388627,#e84000
132,103,388628,#e84000
131,105,388629,#e84000
131,106,388630,#e84000
130,106,388631,#e84000
132,105,388632,#e84000
130,105,388633,#e84000
130,107,388634,#e84000
130,108,388635,#e84000
131,109,388636,#e84000
131,110,388637,#e84000
130,109,388638,#e84000
131,108,388639,#e84000
131,107,388640,#e84000
132,106,388641,#e84000
132,109,388642,#e84000
132,108,388643,#e84000
130,110,388644,#e84000
128,98,388645,#e84000
128,97,388646,#e84000
125,97,388647,#e84000
126,97,388648,#e84000
127,97,388649,#e84000
129,97,388650,#e84000
127,98,388651,#e84000
126,98,388652,#e84000
126,99,388653,#e84000
127,99,388654,#e84000
128,99,388655,#e84000
127,100,388656,#e84000
128,100,388657,#e84000
129,99,388658,#e84000
130,99,388659,#e84000
130,100,388660,#e84000
129,100,388661,#e84000
131,99,388662,#e84000
131,100,388663,#e84000
131,98,388664,#e84000
132,98,388665,#e84000
132,99,388666,#e84000
129,98,388667,#e84000
130,98,388668,#e84000
131,97,388669,#e84000
132,97,388670,#e84000
130,97,388671,#e84000
129,96,388672,#e84000
130,96,388673,#e84000
131,96,388674,#e84000
126,96,388675,#e84000
127,96,388676,#e84000
128,96,388677,#e84000
125,96,388678,#e84000
127,95,388679,#e84000
126,95,388680,#e84000
128,95,388681,#e84000
129,95,388682,#e84000
130,95,388683,#e84000
128,94,388684,#e84000
129,94,388685,#e84000
116,105,388686,#e84000
116,104,388687,#e84000
115,105,388688,#e84000
114,106,388689,#e84000
113,107,388690,#e84000
112,108,388691,#e84000
113,109,388692,#e84000
114,109,388693,#e84000
114,110,388694,#e84000
115,111,388695,#e84000
115,112,388696,#e84000
117,112,388697,#e84000
116,112,388698,#e84000
118,111,388699,#e84000
118,110,388700,#e84000
118,112,388701,#e84000
119,112,388702,#e84000
119,111,388703,#e84000
120,111,388704,#e84000
119,110,388705,#e84000
119,109,388706,#e84000
120,109,388707,#e84000
120,108,388708,#e84000
121,109,388709,#e84000
121,108,388710,#e84000
121,110,388711,#e84000
120,110,388712,#e84000
120,112,388713,#e84000
119,114,388714,#e84000
118,114,388715,#f89840
118,115,388716,#e84000
118,116,388717,#e84000
119,116,388718,#e84000
119,115,388719,#e84000
117,117,388720,#e84000
116,118,388721,#e84000
116,119,388722,#e84000
115,121,388723,#e84000
115,120,388724,#e84000
115,122,388725,#e84000
114,122,388726,#e84000
114,123,388727,#e84000
116,120,388728,#e84000
116,121,388729,#e84000
117,120,388730,#e84000
117,119,388731,#e84000
118,119,388732,#e84000
118,118,388733,#e84000
119,118,388734,#e84000
120,117,388735,#e84000
114,125,388736,#e84000
115,125,388737,#e84000
115,124,388738,#e84000
115,126,388739,#e84000
116,127,388740,#e84000
116,123,388741,#e84000
117,123,388742,#e84000
117,122,388743,#e84000
118,122,388744,#e84000
118,121,388745,#e84000
119,121,388746,#e84000
119,120,388747,#e84000
120,120,388748,#e84000
120,119,388749,#e84000
121,119,388750,#e84000
122,119,388751,#f89840
122,118,388752,#e84000
123,118,388753,#e84000
121,118,388754,#e84000
123,119,388755,#f89840
123,117,388756,#e84000
122,117,388757,#e84000
123,116,388758,#e84000
124,116,388759,#e84000
124,115,388760,#e84000
125,115,388761,#e84000
126,115,388762,#e84000
127,115,388763,#e84000
127,114,388764,#e84000
128,114,388765,#e84000
129,114,388766,#e84000
130,114,388767,#e84000
131,114,388768,#e84000
132,113,388769,#e84000
131,113,388770,#e84000
130,113,388771,#e84000
129,113,388772,#e84000
128,115,388773,#e84000
126,114,388774,#e84000
128,113,388775,#e84000
130,112,388776,#e84000
131,112,388777,#e84000
132,114,388778,#e84000
132,115,388779,#e84000
132,116,388780,#e84000
132,117,388781,#e84000
132,118,388782,#e84000
133,114,388783,#e84000
133,115,388784,#e84000
133,119,388785,#e84000
132,119,388786,#e84000
131,118,388787,#e84000
131,119,388788,#e84000
131,120,388789,#e84000
130,120,388790,#e84000
129,120,388791,#e84000
128,120,388792,#e84000
128,119,388793,#e84000
129,119,388794,#e84000
130,119,388795,#e84000
130,118,388796,#e84000
130,117,388797,#e84000
129,117,388798,#e84000
128,118,388799,#e84000
127,118,388800,#e84000
128,117,388801,#e84000
128,116,388802,#e84000
129,116,388803,#e84000
130,116,388804,#e84000
131,116,388805,#e84000
131,117,388806,#e84000
131,115,388807,#e84000
129,118,388808,#e84000
129,115,388809,#e84000
130,115,388810,#e84000
127,117,388811,#e84000
126,118,388812,#e84000
125,118,388813,#e84000
125,117,388814,#e84000
125,116,388815,#e84000
125,119,388816,#e84000
126,117,388817,#e84000
126,116,388818,#e84000
127,116,388819,#e84000
124,117,388820,#e84000
123,120,388821,#f89840
124,118,388822,#e84000
124,119,388823,#e84000
124,120,388824,#f89840
125,120,388825,#e84000
124,121,388826,#f89840
126,119,388827,#e84000
127,119,388828,#e84000
127,120,388829,#e84000
126,120,388830,#e84000
125,121,388831,#e84000
124,122,388832,#e84000
127,121,388833,#e84000
126,121,388834,#e84000
125,122,388835,#e84000
125,123,388836,#e84000
124,123,388837,#e84000
124,124,388838,#e84000
126,122,388839,#e84000
125,124,388840,#e84000
123,124,388841,#e84000
123,125,388842,#e84000
124,125,388843,#e84000
123,126,388844,#e84000
124,126,388845,#e84000
123,127,388846,#e84000
122,127,388847,#e84000
122,128,388848,#e84000
122,129,388849,#e84000
121,130,388850,#e84000
122,130,388851,#e84000
123,128,388852,#e84000
121,129,388853,#e84000
117,128,388854,#e84000
118,129,388855,#e84000
119,130,388856,#e84000
120,130,388857,#e84000
133,118,388858,#e84000
133,117,388859,#e84000
126,131,388860,#e84000
126,130,388861,#e84000
127,130,388862,#e84000
128,130,388863,#e84000
128,131,388864,#e84000
127,131,388865,#e84000
123,131,388866,#e84000
124,131,388867,#e84000
125,131,388868,#e84000
125,130,388869,#e84000
124,129,388870,#e84000
124,130,388871,#e84000
126,129,388872,#e84000
127,129,388873,#e84000
128,129,388874,#e84000
125,129,388875,#e84000
127,128,388876,#e84000
126,128,388877,#e84000
125,128,388878,#e84000
125,127,388879,#e84000
126,127,388880,#e84000
127,127,388881,#e84000
128,127,388882,#e84000
128,128,388883,#e84000
129,128,388884,#e84000
130,128,388885,#e84000
129,127,388886,#e84000
130,127,388887,#e84000
129,129,388888,#e84000
130,129,388889,#e84000
131,129,388890,#e84000
131,128,388891,#e84000
131,130,388892,#e84000
130,130,388893,#e84000
129,130,388894,#e84000
129,131,388895,#e84000
130,131,388896,#e84000
130,132,388897,#e84000
131,132,388898,#e84000
131,131,388899,#e84000
132,131,388900,#e84000
132,132,388901,#e84000
132,133,388902,#e84000
132,134,388903,#e84000
131,134,388904,#e84000
130,134,388905,#e84000
129,134,388906,#e84000
128,134,388907,#e84000
128,135,388908,#e84000
129,135,388909,#e84000
130,135,388910,#e84000
127,134,388911,#e84000
126,134,388912,#e84000
126,133,388913,#e84000
125,133,388914,#e84000
124,133,388915,#e84000
125,132,388916,#e84000
124,132,388917,#e84000
123,132,388918,#e84000
126,132,388919,#e84000
127,132,388920,#e84000
128,132,388921,#e84000
129,132,388922,#e84000
129,133,388923,#e84000
128,133,388924,#e84000
127,133,388925,#e84000
130,133,388926,#e84000
131,133,388927,#e84000
121,132,388928,#e84000
121,133,388929,#e84000
120,133,388930,#e84000
120,134,388931,#e84000
121,134,388932,#e84000
119,135,388933,#e84000
118,136,388934,#e84000
118,137,388935,#e84000
119,137,388936,#e84000
120,137,388937,#e84000
120,136,388938,#e84000
121,136,388939,#e84000
122,136,388940,#e84000
122,137,388941,#e84000
121,137,388942,#f89840
119,138,388943,#e84000
119,139,388944,#e84000
118,138,388945,#e84000
118,139,388946,#e84000
117,138,388947,#e84000
117,139,388948,#e84000
117,140,388949,#e84000
116,140,388950,#e84000
116,141,388951,#e84000
116,142,388952,#e84000
117,142,388953,#e84000
117,143,388954,#e84000
118,143,388955,#e84000
118,144,388956,#e84000
119,144,388957,#e84000
119,145,388958,#e84000
120,145,388959,#e84000
120,146,388960,#e84000
121,146,388961,#e84000
121,147,388962,#e84000
122,147,388963,#f89840
122,148,388964,#e84000
123,148,388965,#e84000
123,149,388966,#e84000
124,149,388967,#e84000
124,150,388968,#e84000
125,150,388969,#e84000
126,151,388970,#e84000
128,151,388971,#e84000
127,151,388972,#e84000
128,152,388973,#e84000
129,152,388974,#e84000
130,153,388975,#e84000
131,153,388976,#e84000
131,152,388977,#e84000
132,152,388978,#e84000
132,153,388979,#e84000
132,151,388980,#e84000
132,150,388981,#e84000
132,149,388982,#e84000
132,148,388983,#e84000
132,147,388984,#e84000
131,147,388985,#e84000
130,147,388986,#e84000
131,146,388987,#e84000
132,146,388988,#e84000
130,146,388989,#e84000
130,145,388990,#e84000
129,145,388991,#e84000
131,145,388992,#e84000
131,148,388993,#e84000
131,149,388994,#e84000
131,150,388995,#e84000
131,151,388996,#e84000
130,151,388997,#e84000
130,152,388998,#e84000
130,150,388999,#e84000
130,149,389000,#e84000
130,148,389001,#e84000
129,147,389002,#e84000
128,147,389003,#e84000
127,146,389004,#e84000
128,146,389005,#e84000
129,146,389006,#e84000
129,148,389007,#e84000
129,149,389008,#e84000
129,150,389009,#e84000
129,151,389010,#e84000
128,150,389011,#e84000
128,149,389012,#f89840
128,148,389013,#f89840
128,145,389014,#e84000
127,145,389015,#e84000
126,145,389016,#e84000
127,144,389017,#e84000
125,144,389018,#e84000
126,144,389019,#e84000
125,143,389020,#e84000
125,142,389021,#e84000
126,143,389022,#e84000
125,141,389023,#e84000
124,138,389024,#e84000
124,139,389025,#e84000
124,140,389026,#e84000
124,141,389027,#e84000
124,142,389028,#e84000
123,138,389029,#e84000
123,139,389030,#e84000
123,140,389031,#e84000
123,136,389032,#e84000
123,137,389033,#e84000
122,135,389034,#e84000
106,119,389035,#e84000
105,119,389036,#e84000
107,119,389037,#e84000
108,119,389038,#f89840
105,118,389039,#e84000
106,118,389040,#e84000
107,118,389041,#e84000
108,118,389042,#e84000
109,118,389043,#e84000
110,118,389044,#e84000
111,118,389045,#e84000
112,118,389046,#e84000
112,119,389047,#e84000
111,119,389048,#e84000
111,120,389049,#e84000
109,121,389050,#e84000
110,121,389051,#e84000
108,122,389052,#e84000
106,122,389053,#e84000
107,122,389054,#e84000
109,122,389055,#e84000
105,120,389056,#e84000
106,120,389057,#e84000
107,120,389058,#f89840
106,121,389059,#e84000
106,110,389060,#e84000
106,111,389061,#e84000
106,112,389062,#e84000
106,113,389063,#e84000
107,113,389064,#e84000
107,114,389065,#e84000
106,114,389066,#e84000
106,115,389067,#e84000
107,115,389068,#e84000
108,115,389069,#e84000
109,115,389070,#e84000
108,113,389071,#e84000
109,113,389072,#e84000
109,114,389073,#e84000
108,114,389074,#e84000
107,112,389075,#e84000
108,112,389076,#e84000
107,111,389077,#e84000
108,111,389078,#e84000
107,110,389079,#e84000
108,110,389080,#e84000
109,110,389081,#e84000
110,111,389082,#e84000
111,112,389083,#e84000
111,113,389084,#e84000
112,114,389085,#e84000
108,127,389086,#e84000
109,127,389087,#e84000
109,128,389088,#e84000
110,127,389089,#e84000
110,128,389090,#e84000
108,128,389091,#e84000
108,129,389092,#e84000
109,130,389093,#e84000
108,131,389094,#e84000
108,132,389095,#e84000
108,130,389096,#e84000
108,133,389097,#e84000
109,133,389098,#e84000
110,133,389099,#e84000
111,133,389100,#e84000
112,133,389101,#e84000
109,132,389102,#e84000
110,132,389103,#e84000
109,131,389104,#e84000
110,131,389105,#e84000
110,130,389106,#e84000
109,129,389107,#e84000
110,129,389108,#e84000
111,128,389109,#e84000
111,129,389110,#e84000
112,129,389111,#e84000
113,132,389112,#e84000
114,132,389113,#e84000
113,133,389114,#e84000
114,133,389115,#e84000
112,131,389116,#f89840
106,136,389117,#e84000
107,136,389118,#e84000
108,136,389119,#e84000
109,136,389120,#e84000
110,136,389121,#e84000
111,136,389122,#e84000
112,136,389123,#e84000
113,136,389124,#e84000
107,137,389125,#e84000
106,137,389126,#e84000
108,137,389127,#e84000
109,137,389128,#e84000
110,137,389129,#e84000
106,138,389130,#e84000
107,138,389131,#e84000
108,138,389132,#e84000
109,138,389133,#e84000
106,139,389134,#e84000
107,139,389135,#e84000
108,139,389136,#e84000
105,140,389137,#e84000
106,140,389138,#e84000
107,140,389139,#e84000
105,141,389140,#e84000
106,141,389141,#e84000
107,141,389142,#e84000
111,140,389143,#e84000
112,141,389144,#e84000
112,140,389145,#e84000
108,141,389146,#e84000
113,139,389147,#e84000
113,138,389148,#e84000
114,137,389149,#e84000
114,136,389150,#e84000
111,141,389151,#e84000
108,140,389152,#f89840
109,140,389153,#f89840
110,140,389154,#f89840
109,141,389155,#f89840
110,141,389156,#f89840
109,139,389157,#f89840
110,139,389158,#f89840
111,139,389159,#f89840
111,138,389160,#f89840
112,138,389161,#f89840
112,139,389162,#f89840
110,138,389163,#f89840
111,137,389164,#f89840
112,137,389165,#f89840
113,137,389166,#f89840
112,132,389167,#f89840
111,132,389168,#f89840
111,131,389169,#f89840
113,131,389170,#f89840
111,130,389171,#f89840
112,130,389172,#f89840
119,134,389173,#f89840
119,133,389174,#f89840
119,132,389175,#f89840
120,132,389176,#f89840
119,129,389177,#f89840
120,129,389178,#f89840
119,128,389179,#f89840
120,128,389180,#f89840
118,128,389181,#f89840
120,127,389182,#f89840
121,127,389183,#f89840
121,128,389184,#f89840
119,127,389185,#f89840
118,127,389186,#f89840
117,127,389187,#f89840
119,126,389188,#f89840
120,126,389189,#f89840
121,126,389190,#f89840
122,126,389191,#f89840
122,125,389192,#f89840
121,125,389193,#f89840
120,125,389194,#f89840
119,125,389195,#f89840
118,125,389196,#f89840
117,125,389197,#f89840
116,125,389198,#f89840
116,126,389199,#f89840
117,126,389200,#f89840
118,126,389201,#f89840
117,124,389202,#f89840
116,124,389203,#f89840
118,124,389204,#f89840
119,124,389205,#f89840
120,124,389206,#f89840
121,124,389207,#f89840
122,124,389208,#f89840
119,123,389209,#f89840
120,123,389210,#f89840
121,123,389211,#f89840
118,123,389212,#f89840
122,123,389213,#f89840
123,123,389214,#f89840
121,122,389215,#f89840
120,122,389216,#f89840
119,122,389217,#f89840
122,122,389218,#f89840
123,122,389219,#f89840
121,121,389220,#f89840
122,121,389221,#f89840
120,121,389222,#f89840
122,120,389223,#f89840
121,120,389224,#f89840
123,121,389225,#f89840
118,142,389226,#f89840
118,141,389227,#f89840
118,140,389228,#f89840
119,140,389229,#f89840
119,141,389230,#f89840
117,141,389231,#f89840
120,140,389232,#f89840
121,140,389233,#f89840
121,139,389234,#f89840
122,139,389235,#f89840
122,138,389236,#f89840
120,139,389237,#f89840
120,138,389238,#f89840
121,138,389239,#f89840
121,141,389240,#f89840
121,142,389241,#f89840
120,143,389242,#f89840
119,143,389243,#f89840
119,142,389244,#f89840
120,142,389245,#f89840
120,141,389246,#f89840
121,143,389247,#f89840
120,144,389248,#f89840
121,144,389249,#f89840
121,145,389250,#f89840
122,144,389251,#f89840
122,145,389252,#f89840
122,146,389253,#f89840
123,147,389254,#f89840
124,147,389255,#f89840
124,148,389256,#f89840
125,148,389257,#f89840
125,149,389258,#f89840
126,149,389259,#f89840
126,150,389260,#f89840
127,150,389261,#f89840
127,149,389262,#f89840
127,148,389263,#f89840
127,147,389264,#f89840
126,147,389265,#f89840
126,148,389266,#f89840
126,146,389267,#f89840
125,147,389268,#f89840
125,146,389269,#f89840
125,145,389270,#f89840
124,146,389271,#f89840
124,145,389272,#f89840
124,144,389273,#f89840
124,143,389274,#f89840
123,143,389275,#f89840
123,142,389276,#f89840
123,141,389277,#f89840
122,142,389278,#f89840
122,143,389279,#f89840
122,141,389280,#f89840
122,140,389281,#f89840
123,145,389282,#f89840
123,146,389283,#f89840
123,144,389284,#f89840
133,149,389285,#d86020
133,151,389286,#f89840
117,115,389287,#f89840
117,116,389288,#f89840
117,114,389289,#f89840
109,119,389290,#f89840
110,119,389291,#f89840
110,120,389292,#f89840
109,120,389293,#f89840
108,120,389294,#f89840
107,121,389295,#f89840
108,121,389296,#f89840
110,115,389297,#f89840
111,115,389298,#f89840
112,115,389299,#f89840
111,114,389300,#f89840
110,114,389301,#f89840
110,113,389302,#f89840
110,112,389303,#f89840
109,112,389304,#f89840
109,111,389305,#f89840
101,116,389306,#f8ebce
103,113,389307,#f8ebce
113,108,389308,#f89840
114,108,389309,#f89840
115,108,389310,#f89840
116,108,389311,#f89840
116,107,389312,#f89840
117,107,389313,#f89840
117,108,389314,#f89840
116,109,389315,#f89840
115,109,389316,#f89840
116,110,389317,#f89840
115,110,389318,#f89840
116,111,389319,#f89840
117,111,389320,#f89840
117,109,389321,#f89840
118,108,389322,#f89840
118,109,389323,#f89840
117,110,389324,#f89840
119,108,389325,#f89840
119,107,389326,#f89840
120,107,389327,#f89840
118,107,389328,#f89840
118,106,389329,#f89840
119,106,389330,#f89840
118,105,389331,#f89840
117,105,389332,#f89840
117,106,389333,#f89840
116,106,389334,#f89840
115,106,389335,#f89840
115,107,389336,#f89840
114,107,389337,#f89840
134,116,389338,#d86020
132,107,389339,#f89840
133,108,389340,#f89840
125,106,389341,#f89840
124,106,389342,#f89840
123,105,389343,#f89840
122,105,389344,#f89840
124,105,389345,#f89840
124,104,389346,#f89840
123,104,389347,#f89840
122,104,389348,#f89840
121,103,389349,#f89840
122,103,389350,#f89840
123,103,389351,#f89840
120,103,389352,#f89840
122,102,389353,#f89840
121,102,389354,#f89840
121,101,389355,#f89840
120,100,389356,#f89840
119,100,389357,#f89840
119,101,389358,#f89840
119,102,389359,#f89840
120,102,389360,#f89840
122,101,389361,#f89840
120,101,389362,#f89840
121,99,389363,#f89840
120,98,389364,#f89840
120,97,389365,#f89840
119,97,389366,#f89840
119,98,389367,#f89840
119,96,389368,#f89840
118,97,389369,#f89840
118,98,389370,#f89840
117,98,389371,#f89840
117,97,389372,#f89840
116,98,389373,#f89840
117,99,389374,#f89840
118,99,389375,#f89840
118,100,389376,#f89840
117,100,389377,#e84000
119,99,389378,#f89840
120,99,389379,#f89840
121,100,389380,#f89840
118,91,389381,#f89840
118,90,389382,#f89840
119,90,389383,#f89840
119,89,389384,#f89840
118,89,389385,#f89840
110,89,389386,#f89840
111,89,389387,#f89840
112,89,389388,#f89840
112,87,389389,#f89840
112,88,389390,#f89840
112,86,389391,#f89840
111,86,389392,#f89840
111,85,389393,#f89840
110,84,389394,#f89840
109,93,389395,#f89840
110,93,389396,#f89840
111,93,389397,#f89840
111,94,389398,#f89840
109,94,389399,#f89840
110,94,389400,#f89840
110,95,389401,#f89840
109,95,389402,#f89840
107,97,389403,#f89840
108,97,389404,#f89840
109,97,389405,#f89840
110,92,389406,#f89840
111,92,389407,#f89840
112,92,389408,#f89840
113,92,389409,#f89840
115,81,389410,#f89840
115,82,389411,#f89840
116,82,389412,#f89840
116,81,389413,#f89840
117,81,389414,#f89840
117,80,389415,#f89840
116,80,389416,#f89840
117,79,389417,#f89840
118,79,389418,#f89840
119,79,389419,#f89840
119,78,389420,#f89840
120,77,389421,#f89840
121,76,389422,#f89840
122,75,389423,#f89840
123,74,389424,#f89840
124,74,389425,#f89840
124,73,389426,#f89840
125,73,389427,#f89840
125,72,389428,#f89840
126,72,389429,#f89840
127,72,389430,#f89840
128,71,389431,#f89840
129,71,389432,#f89840
129,72,389433,#f89840
128,73,389434,#f89840
128,72,389435,#f89840
127,73,389436,#f89840
126,74,389437,#f89840
126,73,389438,#f89840
125,74,389439,#f89840
125,75,389440,#f89840
124,75,389441,#f89840
124,76,389442,#f89840
123,76,389443,#f89840
123,77,389444,#f89840
122,77,389445,#f89840
122,76,389446,#f89840
123,75,389447,#f89840
122,78,389448,#f89840
121,79,389449,#f89840
121,78,389450,#f89840
121,77,389451,#f89840
120,78,389452,#f89840
120,79,389453,#f89840
120,80,389454,#f89840
120,81,389455,#e84000
119,81,389456,#f89840
119,80,389457,#f89840
118,80,389458,#f89840
118,81,389459,#f89840
118,82,389460,#f89840
118,83,389461,#f89840
118,84,389462,#f89840
117,84,389463,#f89840
117,83,389464,#f89840
116,83,389465,#f89840
117,82,389466,#f89840
119,82,389467,#e84000
133,73,389468,#f89840
132,73,389469,#d86020
133,72,389470,#fb9043
138,67,389471,#f8ebce
137,67,389472,#d86020
138,65,389473,#d86020
137,91,389474,#fb9043
136,93,389475,#fb9043
137,93,389476,#d86020
136,91,389477,#d86020
133,106,389478,#d86020
139,109,389479,#f8ebce
133,116,389480,#d86020
137,136,389481,#d86020
138,135,389482,#fb9043
138,152,389483,#fb9043
139,153,389484,#f8c880
139,151,389485,#d86020
139,155,389486,#fb9043
138,154,389487,#fb9043
133,152,389488,#fb9043
137,137,389489,#fb9043
138,137,389490,#fb9043
139,111,389491,#fb9043
139,112,389492,#fb9043
136,90,389493,#fb9043
137,89,389494,#fb9043
137,94,389495,#fb9043
138,64,389496,#fb9043
137,66,389497,#fb9043
138,69,389498,#fb9043
137,65,389499,#f8c880
137,68,389500,#f8c880
138,68,389501,#f8c880
132,72,389502,#f8c880
133,74,389503,#f8c880
136,92,389504,#f8c880
137,90,389505,#f8c880
139,107,389506,#f8c880
133,107,389507,#f8c880
133,109,389508,#f8c880
134,115,389509,#f8c880
134,117,389510,#f8c880
139,110,389511,#f8c880
137,135,389512,#f8c880
138,136,389513,#f8c880
138,138,389514,#f8c880
133,150,389515,#f8c880
139,152,389516,#f8c880
139,154,389517,#f8c880
139,156,389518,#f8c880
138,153,389519,#f8ebce
138,155,389520,#f8ebce
138,134,389521,#f8ebce
139,108,389522,#f8ebce
137,92,389523,#f8ebce
138,66,389524,#f8ebce
