138,131,134898,#000000
137,131,134899,#000000
136,131,134900,#000000
138,132,134901,#000000
138,133,134902,#000000
138,134,134903,#000000
138,135,134904,#000000
138,136,134905,#000000
138,137,134906,#000000
138,138,134907,#000000
138,139,134908,#000000
138,140,134909,#000000
138,141,134910,#000000
138,142,134911,#000000
138,143,134912,#000000
137,143,134913,#000000
136,143,134914,#000000
135,142,134915,#000000
135,141,134916,#000000
134,140,134917,#000000
134,139,134918,#000000
133,138,134919,#000000
133,137,134920,#000000
132,137,134921,#000000
132,136,134922,#282828
131,137,134923,#000000
130,137,134924,#000000
129,137,134925,#000000
128,137,134926,#000000
135,131,134927,#000000
134,131,134928,#000000
133,131,134929,#000000
133,130,134930,#000000
132,130,134931,#000000
131,130,134932,#000000
130,130,134933,#000000
129,130,134934,#000000
128,130,134935,#000000
133,132,134936,#000000
127,130,134937,#000000
127,138,134938,#000000
126,138,134939,#000000
125,138,134940,#000000
124,138,134941,#000000
123,138,134942,#000000
122,138,134943,#000000
121,137,134944,#000000
120,136,134945,#000000
126,131,134946,#000000
125,131,134947,#000000
124,131,134948,#000000
124,130,134949,#000000
123,129,134950,#000000
123,128,134951,#000000
122,127,134952,#000000
122,126,134953,#000000
121,125,134954,#000000
121,124,134955,#000000
121,123,134956,#000000
121,122,134957,#000000
120,124,134958,#000000
122,122,134959,#000000
122,121,134960,#000000
123,120,134961,#000000
123,119,134962,#000000
124,118,134963,#000000
125,117,134964,#000000
125,116,134965,#000000
126,115,134966,#000000
127,114,134967,#000000
128,113,134968,#000000
129,112,134969,#000000
130,111,134970,#000000
131,110,134971,#000000
132,110,134972,#000000
133,109,134973,#000000
133,108,134974,#000000
134,107,134975,#000000
134,106,134976,#000000
134,105,134977,#000000
135,105,134978,#000000
136,105,134979,#000000
137,106,134980,#000000
138,106,134981,#000000
139,105,134982,#000000
139,104,134983,#000000
139,103,134984,#000000
139,102,134985,#000000
139,101,134986,#000000
139,100,134987,#000000
139,99,134988,#000000
138,98,134989,#000000
137,98,134990,#000000
136,98,134991,#000000
135,98,134992,#000000
134,99,134993,#000000
133,99,134994,#000000
132,99,134995,#000000
132,100,134996,#000000
131,100,134997,#000000
130,101,134998,#000000
129,102,134999,#000000
128,103,135000,#000000
127,104,135001,#000000
126,105,135002,#000000
125,106,135003,#000000
124,107,135004,#000000
123,108,135005,#000000
122,109,135006,#000000
121,110,135007,#000000
120,111,135008,#000000
119,112,135009,#1840f8
118,113,135010,#000000
117,114,135011,#000000
116,114,135012,#000000
115,115,135013,#000000
114,116,135014,#000000
113,116,135015,#000000
112,116,135016,#000000
113,115,135017,#000000
113,114,135018,#000000
113,113,135019,#000000
112,113,135020,#000000
114,112,135021,#000000
114,111,135022,#000000
114,110,135023,#000000
115,109,135024,#000000
115,108,135025,#1840f8
115,107,135026,#a8e8f8
115,106,135027,#a8e8f8
115,105,135028,#1840f8
114,105,135029,#1840f8
113,104,135030,#000000
112,104,135031,#000000
111,105,135032,#1840f8
110,106,135033,#1840f8
110,107,135034,#a8e8f8
110,108,135035,#3bc6f8
109,109,135036,#1840f8
109,110,135037,#000000
109,111,135038,#000000
108,111,135039,#000000
108,112,135040,#000000
108,113,135041,#000000
107,114,135042,#000000
106,115,135043,#000000
105,116,135044,#000000
104,117,135045,#000000
103,118,135046,#282828
102,119,135047,#000000
111,113,135048,#000000
110,112,135049,#000000
109,112,135050,#000000
101,120,135051,#000000
100,121,135052,#000000
99,122,135053,#000000
98,123,135054,#000000
97,124,135055,#000000
97,125,135056,#000000
96,126,135057,#000000
96,127,135058,#000000
103,127,135059,#000000
103,126,135060,#000000
95,129,135061,#000000
95,128,135062,#000000
94,130,135063,#000000
93,130,135064,#000000
93,131,135065,#000000
93,132,135066,#000000
93,133,135067,#000000
94,133,135068,#000000
95,134,135069,#000000
92,131,135070,#000000
91,131,135071,#000000
91,130,135072,#000000
91,129,135073,#000000
90,130,135074,#000000
89,131,135075,#000000
88,131,135076,#000000
88,132,135077,#000000
88,133,135078,#000000
88,134,135079,#000000
112,117,135080,#000000
111,117,135081,#000000
112,118,135082,#000000
112,119,135083,#000000
110,118,135084,#000000
109,119,135085,#000000
108,119,135086,#000000
107,120,135087,#000000
106,121,135088,#000000
105,122,135089,#000000
105,123,135090,#000000
104,124,135091,#000000
104,125,135092,#000000
113,120,135093,#000000
113,121,135094,#000000
113,122,135095,#000000
114,123,135096,#000000
114,124,135097,#000000
114,125,135098,#000000
114,126,135099,#000000
114,127,135100,#000000
115,127,135101,#000000
116,127,135102,#000000
117,126,135103,#000000
118,126,135104,#000000
119,126,135105,#000000
119,125,135106,#000000
119,127,135107,#000000
114,128,135108,#000000
114,129,135109,#000000
114,130,135110,#000000
115,131,135111,#000000
116,132,135112,#000000
117,133,135113,#000000
118,134,135114,#000000
119,135,135115,#000000
113,131,135116,#000000
112,132,135117,#000000
111,133,135118,#000000
111,134,135119,#000000
111,135,135120,#000000
111,132,135121,#000000
110,132,135122,#000000
110,133,135123,#000000
109,133,135124,#000000
108,133,135125,#000000
107,134,135126,#000000
106,135,135127,#000000
104,136,135128,#000000
105,136,135129,#000000
106,136,135130,#000000
107,136,135131,#000000
106,137,135132,#000000
106,138,135133,#000000
108,136,135134,#000000
107,137,135135,#000000
107,138,135136,#000000
105,138,135137,#000000
105,139,135138,#000000
105,140,135139,#000000
105,141,135140,#000000
106,141,135141,#000000
106,142,135142,#000000
106,143,135143,#000000
107,141,135144,#000000
108,139,135145,#000000
108,140,135146,#000000
110,136,135147,#000000
111,136,135148,#000000
111,137,135149,#000000
110,135,135150,#000000
109,135,135151,#000000
112,135,135152,#000000
112,136,135153,#000000
112,137,135154,#000000
113,138,135155,#000000
113,139,135156,#000000
113,140,135157,#000000
112,141,135158,#000000
112,142,135159,#000000
111,143,135160,#000000
110,143,135161,#000000
107,144,135162,#000000
108,144,135163,#000000
109,144,135164,#000000
103,137,135165,#000000
102,137,135166,#000000
101,137,135167,#000000
100,138,135168,#000000
99,138,135169,#000000
95,130,135170,#000000
96,131,135171,#000000
97,132,135172,#000000
98,132,135173,#000000
99,133,135174,#000000
100,134,135175,#000000
101,135,135176,#000000
101,136,135177,#000000
99,137,135178,#000000
98,136,135179,#000000
97,135,135180,#000000
96,135,135181,#000000
98,139,135182,#000000
98,140,135183,#000000
97,138,135184,#000000
99,141,135185,#000000
99,142,135186,#000000
99,143,135187,#000000
99,144,135188,#000000
98,145,135189,#000000
97,145,135190,#000000
96,146,135191,#000000
95,147,135192,#000000
94,147,135193,#000000
93,147,135194,#000000
92,146,135195,#000000
91,146,135196,#000000
90,146,135197,#000000
89,144,135198,#000000
89,145,135199,#000000
89,146,135200,#000000
89,147,135201,#000000
89,148,135202,#000000
89,149,135203,#000000
88,148,135204,#000000
88,146,135205,#000000
87,147,135206,#000000
86,147,135207,#000000
86,145,135208,#000000
85,146,135209,#000000
83,148,135210,#000000
83,149,135211,#000000
82,147,135212,#000000
82,146,135213,#000000
81,145,135214,#000000
80,145,135215,#000000
79,145,135216,#000000
78,145,135217,#000000
79,144,135218,#000000
80,143,135219,#000000
80,142,135220,#000000
79,142,135221,#000000
78,142,135222,#000000
77,142,135223,#000000
76,142,135224,#000000
77,141,135225,#000000
78,140,135226,#000000
79,139,135227,#000000
78,138,135228,#000000
77,137,135229,#000000
76,136,135230,#000000
77,136,135231,#000000
78,136,135232,#000000
79,136,135233,#000000
80,136,135234,#000000
81,136,135235,#000000
81,135,135236,#000000
80,135,135237,#000000
80,134,135238,#000000
80,133,135239,#000000
79,132,135240,#000000
79,131,135241,#000000
79,130,135242,#000000
80,131,135243,#000000
81,131,135244,#000000
82,132,135245,#000000
83,132,135246,#000000
83,131,135247,#000000
84,130,135248,#000000
85,129,135249,#000000
85,128,135250,#000000
86,130,135251,#000000
86,131,135252,#000000
87,131,135253,#000000
87,132,135254,#000000
87,133,135255,#000000
87,134,135256,#000000
88,136,135257,#000000
87,137,135258,#000000
87,138,135259,#000000
86,139,135260,#000000
88,138,135261,#000000
89,139,135262,#000000
90,138,135263,#000000
89,140,135264,#000000
89,141,135265,#000000
89,142,135266,#000000
89,143,135267,#000000
88,140,135268,#000000
88,141,135269,#000000
86,138,135270,#000000
87,141,135271,#000000
86,142,135272,#000000
90,143,135273,#000000
90,142,135274,#000000
91,141,135275,#000000
91,144,135276,#000000
89,134,135277,#d09018
90,134,135278,#d09018
91,134,135279,#d09018
92,134,135280,#d09018
93,134,135281,#d09018
94,134,135282,#d09018
90,133,135283,#d09018
91,133,135284,#d09018
92,133,135285,#d09018
89,133,135286,#d09018
90,132,135287,#d09018
91,132,135288,#d09018
92,132,135289,#d09018
89,132,135290,#d09018
90,131,135291,#d09018
85,131,135292,#d09018
85,132,135293,#d09018
85,133,135294,#d09018
85,130,135295,#d09018
85,134,135296,#d09018
86,133,135297,#d09018
84,133,135298,#d09018
84,132,135299,#d09018
84,131,135300,#d09018
86,132,135301,#d09018
83,133,135302,#d09018
81,132,135303,#d09018
80,132,135304,#d09018
81,134,135305,#d09018
82,135,135306,#d09018
82,136,135307,#d09018
82,137,135308,#d09018
81,137,135309,#d09018
80,137,135310,#d09018
79,137,135311,#d09018
78,137,135312,#d09018
79,138,135313,#d09018
80,139,135314,#d09018
81,140,135315,#d09018
80,140,135316,#d09018
80,141,135317,#d09018
79,141,135318,#d09018
79,140,135319,#d09018
78,141,135320,#d09018
81,142,135321,#d09018
80,144,135322,#d09018
81,144,135323,#d09018
82,144,135324,#d09018
82,145,135325,#d09018
83,146,135326,#d09018
83,147,135327,#d09018
84,147,135328,#000000
84,146,135329,#d09018
84,145,135330,#d09018
87,146,135331,#d09018
88,147,135332,#d09018
85,139,135333,#d09018
86,137,135334,#d09018
87,136,135335,#d09018
90,135,135336,#d09018
90,136,135337,#d09018
90,137,135338,#d09018
91,138,135339,#d09018
92,138,135340,#d09018
93,138,135341,#d09018
90,144,135342,#d09018
81,133,135343,#f8e048
82,133,135344,#f8e048
82,134,135345,#f8e048
83,134,135346,#f8e048
84,134,135347,#f8e048
84,135,135348,#f8e048
83,135,135349,#f8e048
85,135,135350,#f8e048
86,135,135351,#f8e048
87,135,135352,#f8e048
88,135,135353,#f8e048
89,135,135354,#f8e048
86,134,135355,#f8e048
86,136,135356,#f8e048
85,136,135357,#f8e048
84,136,135358,#f8e048
83,136,135359,#f8e048
83,137,135360,#f8e048
84,137,135361,#f8e048
85,137,135362,#f8e048
85,138,135363,#f8e048
84,138,135364,#f8e048
83,138,135365,#f8e048
82,138,135366,#f8e048
81,138,135367,#f8e048
80,138,135368,#f8e048
81,139,135369,#f8e048
82,139,135370,#f8e048
83,139,135371,#f8e048
84,139,135372,#f8e048
82,140,135373,#f8e048
82,141,135374,#f8e048
81,141,135375,#f8e048
83,141,135376,#f8e048
84,141,135377,#f8e048
84,140,135378,#f8e048
83,140,135379,#f8e048
85,140,135380,#f8e048
86,140,135381,#f8e048
85,141,135382,#f8e048
86,141,135383,#f8e048
87,140,135384,#f8e048
87,139,135385,#f8e048
88,139,135386,#f8e048
83,142,135387,#f8e048
82,142,135388,#f8e048
84,142,135389,#f8e048
85,142,135390,#f8e048
85,143,135391,#f8e048
84,143,135392,#f8e048
83,143,135393,#f8e048
82,143,135394,#f8e048
81,143,135395,#f8e048
83,144,135396,#f8e048
83,145,135397,#f8e048
84,144,135398,#f8e048
85,144,135399,#f8e048
86,144,135400,#f8e048
87,144,135401,#f8e048
87,143,135402,#f8e048
86,143,135403,#f8e048
88,143,135404,#f8e048
88,142,135405,#f8e048
87,142,135406,#f8e048
88,144,135407,#f8e048
88,145,135408,#f8e048
87,145,135409,#f8e048
86,146,135410,#f8e048
85,145,135411,#f8e048
88,137,135412,#f8e048
89,137,135413,#f8e048
89,136,135414,#f8e048
89,138,135415,#f8e048
91,143,135416,#3bc6f8
92,143,135417,#3bc6f8
92,144,135418,#3bc6f8
93,146,135419,#ffffff
91,142,135420,#ffffff
92,142,135421,#ffffff
92,140,135422,#f8ebce
96,145,135423,#f8ebce
96,144,135424,#f8ebce
91,135,135425,#fb9043
92,135,135426,#fb9043
93,135,135427,#fb9043
94,135,135428,#fb9043
95,135,135429,#fb9043
97,136,135430,#fb9043
97,137,135431,#fb9043
96,136,135432,#fb9043
96,137,135433,#fb9043
98,137,135434,#fb9043
98,138,135435,#fb9043
96,138,135436,#fb9043
96,139,135437,#fb9043
97,139,135438,#fb9043
97,140,135439,#fb9043
97,141,135440,#fb9043
98,141,135441,#fb9043
98,142,135442,#fb9043
95,136,135443,#fb9043
94,137,135444,#fb9043
93,137,135445,#fb9043
92,137,135446,#fb9043
91,137,135447,#fb9043
95,138,135448,#fb9043
95,139,135449,#fb9043
94,140,135450,#fb9043
94,141,135451,#fb9043
90,139,135452,#fb9043
90,140,135453,#fb9043
90,145,135454,#fb9043
92,145,135455,#fb9043
95,145,135456,#fb9043
95,144,135457,#fb9043
94,136,135458,#f8c880
93,136,135459,#f8c880
95,137,135460,#f8c880
94,138,135461,#f8c880
94,139,135462,#f8c880
95,140,135463,#f8c880
96,140,135464,#f8c880
96,141,135465,#f8c880
96,142,135466,#f8c880
96,143,135467,#f8c880
97,142,135468,#f8c880
97,143,135469,#f8c880
97,144,135470,#f8c880
98,143,135471,#f8c880
98,144,135472,#f8c880
95,146,135473,#f8c880
90,141,135474,#f8c880
91,136,135475,#f8ebce
92,136,135476,#f8ebce
91,139,135477,#fb9043
93,142,135478,#f8ebce
94,142,135479,#f8ebce
95,142,135480,#f8ebce
95,143,135481,#f8ebce
94,143,135482,#f8ebce
93,143,135483,#f8ebce
95,141,135484,#f8ebce
93,144,135485,#f8ebce
94,144,135486,#f8ebce
94,145,135487,#f8ebce
93,145,135488,#f8ebce
94,146,135489,#f8ebce
92,141,135490,#f8ebce
93,141,135491,#f8ebce
93,140,135492,#f8ebce
93,139,135493,#fb9043
91,140,135494,#f8ebce
92,139,135495,#fb9043
95,131,135496,#282828
94,131,135497,#282828
94,132,135498,#282828
95,132,135499,#282828
96,132,135500,#282828
96,133,135501,#282828
97,133,135502,#282828
95,133,135503,#282828
96,134,135504,#282828
97,134,135505,#282828
98,134,135506,#282828
98,135,135507,#282828
99,135,135508,#282828
99,136,135509,#282828
100,136,135510,#282828
100,137,135511,#282828
100,135,135512,#282828
99,134,135513,#282828
98,133,135514,#282828
97,128,135515,#282828
98,128,135516,#282828
98,129,135517,#282828
98,130,135518,#282828
99,130,135519,#282828
99,131,135520,#282828
100,131,135521,#282828
100,132,135522,#282828
101,132,135523,#282828
101,133,135524,#282828
102,133,135525,#282828
103,133,135526,#282828
103,134,135527,#282828
103,135,135528,#282828
103,136,135529,#282828
102,136,135530,#282828
102,135,135531,#282828
102,134,135532,#282828
101,134,135533,#282828
100,133,135534,#282828
99,132,135535,#282828
98,131,135536,#282828
97,131,135537,#282828
97,130,135538,#282828
97,129,135539,#282828
96,129,135540,#282828
96,128,135541,#282828
96,130,135542,#282828
104,135,135543,#282828
105,134,135544,#282828
104,134,135545,#282828
105,135,135546,#282828
107,135,135547,#282828
108,135,135548,#282828
108,134,135549,#282828
109,134,135550,#282828
110,134,135551,#282828
103,128,135552,#282828
102,128,135553,#282828
102,127,135554,#282828
102,126,135555,#282828
102,125,135556,#282828
102,124,135557,#282828
103,124,135558,#282828
103,125,135559,#282828
101,126,135560,#282828
101,125,135561,#282828
101,124,135562,#282828
102,123,135563,#282828
103,123,135564,#282828
104,123,135565,#282828
104,122,135566,#282828
103,122,135567,#282828
103,121,135568,#282828
103,120,135569,#282828
103,119,135570,#282828
104,118,135571,#282828
105,118,135572,#282828
105,117,135573,#282828
106,116,135574,#282828
107,115,135575,#282828
108,114,135576,#282828
109,113,135577,#282828
110,113,135578,#282828
111,114,135579,#282828
112,114,135580,#282828
112,115,135581,#282828
111,116,135582,#282828
110,116,135583,#282828
110,117,135584,#282828
109,118,135585,#282828
107,119,135586,#282828
106,120,135587,#282828
105,121,135588,#282828
110,120,135589,#282828
111,120,135590,#282828
111,121,135591,#282828
111,122,135592,#282828
111,123,135593,#282828
112,123,135594,#282828
112,124,135595,#282828
112,125,135596,#282828
112,126,135597,#282828
112,127,135598,#282828
112,128,135599,#282828
112,129,135600,#282828
112,130,135601,#282828
112,131,135602,#282828
113,130,135603,#282828
113,129,135604,#282828
113,128,135605,#282828
113,127,135606,#282828
113,126,135607,#282828
113,125,135608,#282828
113,124,135609,#282828
113,123,135610,#282828
112,122,135611,#282828
112,121,135612,#282828
112,120,135613,#282828
111,119,135614,#282828
110,119,135615,#282828
111,118,135616,#282828
111,128,135617,#282828
110,128,135618,#282828
109,128,135619,#282828
110,127,135620,#282828
111,127,135621,#282828
111,126,135622,#282828
109,127,135623,#282828
110,126,135624,#282828
111,125,135625,#282828
111,124,135626,#282828
111,129,135627,#282828
111,130,135628,#282828
111,131,135629,#282828
108,128,135630,#282828
108,129,135631,#282828
107,129,135632,#505050
107,130,135633,#505050
100,130,135634,#505050
100,129,135635,#505050
100,128,135636,#505050
101,128,135637,#505050
99,128,135638,#505050
100,127,135639,#505050
99,129,135640,#505050
101,127,135641,#505050
99,127,135642,#505050
98,127,135643,#505050
97,127,135644,#505050
97,126,135645,#505050
98,126,135646,#505050
99,126,135647,#505050
100,126,135648,#505050
99,125,135649,#505050
98,125,135650,#505050
99,124,135651,#505050
100,124,135652,#505050
100,125,135653,#505050
98,124,135654,#505050
99,123,135655,#505050
100,123,135656,#505050
101,123,135657,#505050
101,122,135658,#505050
100,122,135659,#505050
101,121,135660,#505050
102,120,135661,#505050
102,121,135662,#505050
102,122,135663,#505050
104,120,135664,#505050
105,119,135665,#505050
104,119,135666,#505050
104,121,135667,#505050
105,120,135668,#505050
106,119,135669,#505050
106,118,135670,#505050
106,117,135671,#505050
107,117,135672,#505050
107,118,135673,#505050
108,118,135674,#505050
108,117,135675,#505050
107,116,135676,#505050
108,116,135677,#505050
109,117,135678,#505050
109,116,135679,#505050
108,115,135680,#505050
109,115,135681,#505050
110,115,135682,#505050
110,114,135683,#505050
109,114,135684,#505050
111,115,135685,#505050
101,130,135686,#505050
101,131,135687,#505050
102,131,135688,#505050
103,131,135689,#505050
103,132,135690,#505050
102,132,135691,#505050
104,132,135692,#505050
104,131,135693,#505050
102,130,135694,#505050
101,129,135695,#505050
102,129,135696,#505050
103,130,135697,#505050
104,130,135698,#505050
103,129,135699,#505050
104,129,135700,#505050
105,130,135701,#505050
105,131,135702,#505050
104,133,135703,#505050
105,133,135704,#505050
105,132,135705,#505050
106,132,135706,#505050
106,131,135707,#505050
107,131,135708,#505050
106,130,135709,#505050
106,129,135710,#505050
105,129,135711,#505050
104,126,135712,#e84000
105,126,135713,#e84000
106,126,135714,#e84000
107,126,135715,#e84000
107,127,135716,#e84000
108,127,135717,#e84000
106,125,135718,#e84000
105,125,135719,#e84000
107,125,135720,#e84000
106,124,135721,#e84000
105,124,135722,#e84000
106,123,135723,#e84000
107,123,135724,#e84000
107,122,135725,#e84000
107,121,135726,#e84000
106,122,135727,#e84000
108,121,135728,#e84000
108,120,135729,#e84000
109,120,135730,#e84000
109,121,135731,#e84000
109,122,135732,#e84000
108,122,135733,#e84000
108,123,135734,#e84000
107,124,135735,#e84000
110,121,135736,#e84000
110,122,135737,#e84000
110,123,135738,#e84000
110,124,135739,#e84000
110,125,135740,#e84000
109,125,135741,#e84000
108,125,135742,#e84000
108,126,135743,#e84000
109,126,135744,#e84000
108,124,135745,#e84000
109,124,135746,#e84000
109,123,135747,#e84000
106,134,135748,#e84000
106,133,135749,#e84000
108,132,135750,#e84000
108,131,135751,#e84000
108,130,135752,#e84000
109,130,135753,#e84000
109,129,135754,#e84000
110,129,135755,#e84000
110,130,135756,#e84000
109,131,135757,#e84000
109,132,135758,#e84000
110,131,135759,#e84000
104,127,135760,#f89840
105,127,135761,#f89840
106,127,135762,#f89840
106,128,135763,#f89840
105,128,135764,#f89840
107,128,135765,#f89840
104,128,135766,#f89840
107,132,135767,#f89840
107,133,135768,#f89840
108,137,135769,#fb9043
109,137,135770,#fb9043
110,137,135771,#fb9043
109,136,135772,#fb9043
111,138,135773,#fb9043
112,138,135774,#fb9043
112,139,135775,#fb9043
112,140,135776,#fb9043
111,140,135777,#fb9043
111,141,135778,#fb9043
110,141,135779,#f8c880
110,142,135780,#fb9043
111,142,135781,#fb9043
108,138,135782,#f8c880
109,138,135783,#f8c880
110,138,135784,#f8c880
110,139,135785,#f8c880
111,139,135786,#f8c880
110,140,135787,#f8c880
109,141,135788,#f8c880
109,142,135789,#f8c880
109,143,135790,#f8c880
108,143,135791,#f8c880
107,143,135792,#f8c880
107,142,135793,#f8ebce
108,142,135794,#f8ebce
108,141,135795,#f8ebce
109,140,135796,#f8ebce
109,139,135797,#f8ebce
106,139,135798,#f8ebce
106,140,135799,#f8ebce
107,140,135800,#f8ebce
107,139,135801,#f8ebce
113,112,135802,#fb9043
113,111,135803,#fb9043
113,110,135804,#fb9043
113,109,135805,#1840f8
114,109,135806,#fb9043
114,108,135807,#1840f8
114,107,135808,#a8e8f8
114,106,135809,#3bc6f8
113,106,135810,#1840f8
113,105,135811,#fb9043
112,112,135812,#fb9043
111,112,135813,#fb9043
111,111,135814,#f8c880
110,111,135815,#fb9043
110,110,135816,#fb9043
111,110,135817,#f8c880
112,111,135818,#f8c880
112,110,135819,#f8c880
112,109,135820,#1840f8
113,108,135821,#3bc6f8
113,107,135822,#a8e8f8
112,106,135823,#1840f8
112,105,135824,#f8c880
110,109,135825,#1840f8
111,109,135826,#1840f8
111,108,135827,#a8e8f8
111,107,135828,#a8e8f8
112,107,135829,#a8e8f8
111,106,135830,#1840f8
112,108,135831,#a8e8f8
132,135,135832,#282828
133,134,135833,#282828
133,133,135834,#282828
132,134,135835,#282828
115,129,135836,#e84000
116,128,135837,#e84000
115,128,135838,#e84000
115,130,135839,#e84000
116,130,135840,#e84000
116,129,135841,#e84000
117,129,135842,#e84000
117,128,135843,#e84000
117,127,135844,#e84000
118,127,135845,#e84000
118,128,135846,#e84000
118,129,135847,#e84000
117,130,135848,#e84000
117,131,135849,#e84000
116,131,135850,#e84000
117,132,135851,#e84000
118,132,135852,#e84000
118,133,135853,#e84000
119,133,135854,#e84000
119,134,135855,#e84000
120,134,135856,#e84000
120,135,135857,#e84000
121,135,135858,#e84000
122,135,135859,#e84000
122,136,135860,#e84000
121,136,135861,#e84000
122,137,135862,#e84000
123,137,135863,#e84000
124,137,135864,#e84000
125,137,135865,#e84000
126,137,135866,#e84000
127,137,135867,#e84000
127,136,135868,#e84000
126,136,135869,#e84000
125,136,135870,#e84000
124,136,135871,#e84000
123,136,135872,#e84000
123,135,135873,#e84000
124,135,135874,#e84000
125,135,135875,#e84000
126,135,135876,#e84000
127,135,135877,#e84000
125,134,135878,#e84000
124,134,135879,#e84000
123,134,135880,#e84000
122,133,135881,#e84000
121,133,135882,#e84000
123,133,135883,#e84000
126,134,135884,#e84000
124,133,135885,#e84000
121,132,135886,#e84000
120,132,135887,#e84000
119,132,135888,#e84000
120,133,135889,#e84000
122,134,135890,#e84000
121,134,135891,#e84000
119,131,135892,#e84000
118,131,135893,#e84000
118,130,135894,#e84000
120,131,135895,#e84000
121,131,135896,#e84000
122,132,135897,#e84000
123,132,135898,#e84000
122,131,135899,#e84000
120,130,135900,#e84000
119,130,135901,#e84000
119,129,135902,#e84000
121,130,135903,#e84000
120,129,135904,#e84000
122,130,135905,#e84000
121,129,135906,#e84000
119,128,135907,#e84000
120,128,135908,#e84000
121,128,135909,#e84000
120,127,135910,#e84000
121,127,135911,#e84000
121,126,135912,#e84000
120,126,135913,#e84000
120,125,135914,#e84000
122,128,135915,#e84000
122,129,135916,#e84000
123,130,135917,#e84000
123,131,135918,#e84000
124,132,135919,#e84000
125,132,135920,#e84000
126,132,135921,#e84000
126,133,135922,#e84000
125,133,135923,#e84000
127,134,135924,#e84000
127,133,135925,#e84000
127,132,135926,#e84000
128,132,135927,#e84000
128,131,135928,#e84000
127,131,135929,#e84000
129,132,135930,#e84000
129,133,135931,#e84000
128,133,135932,#e84000
128,134,135933,#e84000
129,134,135934,#e84000
129,135,135935,#e84000
128,135,135936,#e84000
128,136,135937,#e84000
129,136,135938,#e84000
130,136,135939,#e84000
131,136,135940,#e84000
131,135,135941,#e84000
130,135,135942,#e84000
130,134,135943,#e84000
131,134,135944,#e84000
131,133,135945,#e84000
130,133,135946,#e84000
130,132,135947,#e84000
131,132,135948,#e84000
130,131,135949,#e84000
129,131,135950,#e84000
131,131,135951,#e84000
132,131,135952,#e84000
132,132,135953,#e84000
132,133,135954,#e84000
133,136,135955,#282828
133,135,135956,#a0a0a0
134,135,135957,#a0a0a0
134,134,135958,#a0a0a0
134,133,135959,#282828
134,132,135960,#282828
135,132,135961,#282828
136,132,135962,#282828
136,133,135963,#282828
137,133,135964,#282828
137,132,135965,#282828
137,134,135966,#282828
137,135,135967,#282828
137,136,135968,#282828
137,137,135969,#282828
137,138,135970,#282828
137,139,135971,#282828
137,140,135972,#282828
137,141,135973,#282828
137,142,135974,#282828
134,138,135975,#282828
134,137,135976,#282828
135,137,135977,#282828
136,137,135978,#282828
134,136,135979,#282828
135,136,135980,#282828
136,136,135981,#282828
136,135,135982,#282828
135,134,135983,#505050
136,134,135984,#505050
135,133,135985,#505050
135,135,135986,#505050
135,138,135987,#fb9043
136,138,135988,#fb9043
136,139,135989,#fb9043
136,140,135990,#fb9043
136,141,135991,#f8c880
136,142,135992,#f8c880
135,139,135993,#f8ebce
135,140,135994,#f8ebce
113,119,135995,#e84000
113,118,135996,#e84000
113,117,135997,#e84000
114,117,135998,#e84000
115,117,135999,#e84000
116,116,136000,#3bc6f8
115,116,136001,#e84000
116,115,136002,#e84000
117,115,136003,#3bc6f8
118,115,136004,#a8e8f8
118,114,136005,#3bc6f8
119,114,136006,#1840f8
119,113,136007,#1840f8
120,113,136008,#e84000
120,112,136009,#e84000
121,111,136010,#e84000
122,110,136011,#e84000
123,110,136012,#e84000
123,109,136013,#e84000
124,109,136014,#e84000
124,108,136015,#e84000
125,108,136016,#e84000
125,107,136017,#e84000
126,107,136018,#e84000
126,106,136019,#e84000
127,106,136020,#e84000
127,105,136021,#e84000
128,105,136022,#e84000
128,104,136023,#e84000
129,104,136024,#e84000
129,103,136025,#e84000
130,103,136026,#e84000
130,102,136027,#e84000
131,102,136028,#e84000
131,101,136029,#e84000
132,101,136030,#e84000
114,119,136031,#f89840
114,120,136032,#e84000
114,121,136033,#e84000
114,122,136034,#e84000
115,122,136035,#f89840
115,123,136036,#e84000
115,124,136037,#e84000
115,125,136038,#e84000
115,126,136039,#e84000
116,126,136040,#e84000
117,125,136041,#e84000
118,125,136042,#e84000
118,124,136043,#e84000
119,124,136044,#e84000
119,123,136045,#e84000
120,122,136046,#e84000
120,123,136047,#e84000
120,121,136048,#f89840
121,121,136049,#e84000
121,120,136050,#e84000
122,120,136051,#e84000
122,119,136052,#e84000
122,118,136053,#f89840
123,118,136054,#e84000
123,117,136055,#f89840
124,117,136056,#e84000
124,116,136057,#e84000
124,115,136058,#f89840
125,115,136059,#e84000
125,114,136060,#e84000
126,114,136061,#e84000
126,113,136062,#e84000
127,113,136063,#e84000
127,112,136064,#e84000
128,112,136065,#e84000
128,111,136066,#e84000
129,111,136067,#e84000
129,110,136068,#e84000
130,110,136069,#e84000
130,109,136070,#e84000
131,109,136071,#e84000
132,109,136072,#e84000
132,108,136073,#e84000
132,107,136074,#e84000
133,107,136075,#e84000
133,106,136076,#e84000
133,105,136077,#e84000
133,104,136078,#e84000
133,103,136079,#282828
132,103,136080,#e84000
132,102,136081,#e84000
132,104,136082,#e84000
131,104,136083,#e84000
131,105,136084,#e84000
130,105,136085,#e84000
130,106,136086,#e84000
129,106,136087,#e84000
129,107,136088,#e84000
128,107,136089,#e84000
127,108,136090,#e84000
126,108,136091,#e84000
126,109,136092,#e84000
125,109,136093,#e84000
125,110,136094,#e84000
124,110,136095,#e84000
123,111,136096,#e84000
123,112,136097,#e84000
124,112,136098,#e84000
124,113,136099,#e84000
125,113,136100,#e84000
125,112,136101,#e84000
124,111,136102,#e84000
122,111,136103,#e84000
126,112,136104,#e84000
127,111,136105,#e84000
126,111,136106,#e84000
125,111,136107,#e84000
128,110,136108,#e84000
127,110,136109,#e84000
126,110,136110,#e84000
128,109,136111,#e84000
127,109,136112,#e84000
129,108,136113,#e84000
129,109,136114,#e84000
130,108,136115,#e84000
128,108,136116,#e84000
130,107,136117,#e84000
131,107,136118,#e84000
131,108,136119,#e84000
131,106,136120,#e84000
132,106,136121,#e84000
132,105,136122,#e84000
128,106,136123,#e84000
129,105,136124,#e84000
130,104,136125,#e84000
127,107,136126,#e84000
131,103,136127,#e84000
115,118,136128,#f89840
116,117,136129,#1840f8
116,118,136130,#f89840
114,118,136131,#f89840
115,119,136132,#f89840
115,120,136133,#f89840
115,121,136134,#f89840
116,122,136135,#f89840
116,123,136136,#f89840
116,124,136137,#f89840
117,124,136138,#f89840
117,123,136139,#f89840
117,122,136140,#f89840
118,122,136141,#f89840
118,123,136142,#f89840
116,125,136143,#f89840
119,122,136144,#f89840
119,121,136145,#f89840
120,120,136146,#f89840
120,119,136147,#f89840
119,120,136148,#f89840
118,121,136149,#f89840
118,120,136150,#f89840
119,119,136151,#f89840
118,119,136152,#f89840
117,119,136153,#f89840
117,120,136154,#f89840
117,121,136155,#f89840
116,121,136156,#f89840
116,120,136157,#f89840
116,119,136158,#f89840
117,118,136159,#f89840
118,118,136160,#f89840
119,118,136161,#f89840
119,117,136162,#f89840
120,117,136163,#f89840
120,118,136164,#f89840
118,117,136165,#f89840
119,116,136166,#f89840
118,116,136167,#1840f8
117,116,136168,#3bc6f8
119,115,136169,#f89840
120,115,136170,#f89840
120,114,136171,#f89840
117,117,136172,#f89840
120,116,136173,#f89840
121,114,136174,#f89840
121,113,136175,#f89840
122,112,136176,#f89840
121,112,136177,#f89840
122,113,136178,#f89840
122,114,136179,#f89840
123,114,136180,#f89840
122,115,136181,#f89840
122,116,136182,#f89840
121,116,136183,#f89840
121,117,136184,#f89840
121,115,136185,#f89840
121,118,136186,#f89840
121,119,136187,#f89840
122,117,136188,#f89840
123,116,136189,#f89840
123,115,136190,#f89840
124,114,136191,#f89840
123,113,136192,#f89840
133,100,136193,#282828
133,101,136194,#282828
133,102,136195,#282828
134,103,136196,#282828
134,104,136197,#282828
134,100,136198,#282828
135,100,136199,#505050
135,99,136200,#282828
136,99,136201,#282828
137,99,136202,#282828
138,99,136203,#282828
138,100,136204,#282828
138,101,136205,#282828
138,102,136206,#282828
138,103,136207,#282828
138,104,136208,#282828
137,104,136209,#282828
137,105,136210,#282828
138,105,136211,#282828
135,104,136212,#282828
135,103,136213,#282828
134,102,136214,#505050
135,102,136215,#505050
135,101,136216,#a0a0a0
136,100,136217,#505050
134,101,136218,#a0a0a0
137,102,136219,#fb9043
137,100,136220,#fb9043
137,101,136221,#f8c880
137,103,136222,#f8c880
136,102,136223,#f8c880
136,104,136224,#f8c880
136,101,136225,#f8ebce
136,103,136226,#f8ebce
116,105,136227,#1840f8
117,105,136228,#1840f8
117,104,136229,#1840f8
118,104,136230,#1840f8
118,103,136231,#1840f8
119,102,136232,#1840f8
119,101,136233,#1840f8
120,101,136234,#1840f8
120,100,136235,#1840f8
120,99,136236,#1840f8
120,98,136237,#1840f8
118,105,136238,#1840f8
117,106,136239,#1840f8
117,107,136240,#1840f8
116,107,136241,#1840f8
116,108,136242,#1840f8
108,109,136243,#1840f8
107,109,136244,#3bc6f8
107,110,136245,#1840f8
106,110,136246,#1840f8
105,110,136247,#1840f8
105,111,136248,#1840f8
104,111,136249,#1840f8
103,111,136250,#1840f8
103,112,136251,#1840f8
102,112,136252,#3bc6f8
102,113,136253,#1840f8
102,114,136254,#1840f8
101,114,136255,#1840f8
101,115,136256,#1840f8
101,116,136257,#1840f8
100,114,136258,#1840f8
100,113,136259,#1840f8
100,112,136260,#1840f8
101,112,136261,#3bc6f8
101,111,136262,#1840f8
101,110,136263,#1840f8
101,109,136264,#1840f8
101,108,136265,#1840f8
102,108,136266,#1840f8
102,107,136267,#1840f8
102,106,136268,#1840f8
103,106,136269,#1840f8
103,105,136270,#1840f8
104,105,136271,#1840f8
105,105,136272,#3bc6f8
105,104,136273,#1840f8
106,104,136274,#3bc6f8
106,103,136275,#1840f8
106,102,136276,#1840f8
106,101,136277,#1840f8
106,100,136278,#1840f8
106,99,136279,#1840f8
106,98,136280,#3bc6f8
105,98,136281,#1840f8
105,97,136282,#3bc6f8
104,97,136283,#1840f8
103,97,136284,#1840f8
102,97,136285,#1840f8
101,98,136286,#1840f8
100,98,136287,#1840f8
100,99,136288,#1840f8
99,99,136289,#1840f8
99,100,136290,#1840f8
99,101,136291,#1840f8
98,101,136292,#1840f8
99,98,136293,#1840f8
99,97,136294,#1840f8
100,96,136295,#1840f8
100,95,136296,#1840f8
100,94,136297,#1840f8
101,94,136298,#1840f8
101,93,136299,#1840f8
102,93,136300,#3bc6f8
102,92,136301,#1840f8
103,92,136302,#1840f8
104,92,136303,#1840f8
104,91,136304,#1840f8
105,91,136305,#1840f8
106,91,136306,#1840f8
106,90,136307,#1840f8
107,90,136308,#1840f8
108,90,136309,#1840f8
108,89,136310,#1840f8
109,89,136311,#1840f8
110,89,136312,#1840f8
111,89,136313,#1840f8
112,89,136314,#1840f8
113,89,136315,#1840f8
114,89,136316,#1840f8
113,90,136317,#1840f8
112,90,136318,#1840f8
111,90,136319,#1840f8
111,91,136320,#1840f8
110,91,136321,#1840f8
110,92,136322,#1840f8
109,92,136323,#3bc6f8
109,93,136324,#1840f8
109,94,136325,#1840f8
109,95,136326,#1840f8
110,95,136327,#1840f8
110,96,136328,#1840f8
110,97,136329,#1840f8
111,97,136330,#1840f8
111,98,136331,#1840f8
111,99,136332,#1840f8
111,100,136333,#1840f8
112,100,136334,#1840f8
112,101,136335,#1840f8
112,102,136336,#1840f8
111,102,136337,#1840f8
111,103,136338,#1840f8
111,104,136339,#1840f8
110,105,136340,#3bc6f8
96,111,136341,#1840f8
96,112,136342,#a8e8f8
96,113,136343,#3bc6f8
96,114,136344,#1840f8
96,115,136345,#1840f8
96,116,136346,#1840f8
96,117,136347,#1840f8
97,117,136348,#1840f8
98,117,136349,#1840f8
97,116,136350,#1840f8
95,115,136351,#1840f8
95,114,136352,#1840f8
95,113,136353,#1840f8
95,112,136354,#1840f8
97,114,136355,#3bc6f8
97,113,136356,#3bc6f8
96,110,136357,#1840f8
115,92,136358,#3bc6f8
116,92,136359,#3bc6f8
117,92,136360,#3bc6f8
117,93,136361,#a8e8f8
118,93,136362,#1840f8
118,94,136363,#1840f8
118,95,136364,#1840f8
100,102,136365,#3bc6f8
100,103,136366,#1840f8
99,104,136367,#3bc6f8
99,105,136368,#a8e8f8
99,106,136369,#3bc6f8
115,97,136370,#3bc6f8
115,98,136371,#3bc6f8
115,99,136372,#3bc6f8
115,100,136373,#a8e8f8
115,101,136374,#3bc6f8
114,101,136375,#3bc6f8
114,102,136376,#3bc6f8
119,107,136377,#3bc6f8
120,107,136378,#3bc6f8
120,106,136379,#3bc6f8
120,105,136380,#3bc6f8
100,97,136381,#3bc6f8
101,97,136382,#3bc6f8
101,96,136383,#3bc6f8
101,95,136384,#3bc6f8
102,95,136385,#3bc6f8
102,94,136386,#3bc6f8
103,93,136387,#3bc6f8
104,93,136388,#a8e8f8
105,93,136389,#a8e8f8
105,92,136390,#3bc6f8
106,92,136391,#a8e8f8
107,92,136392,#a8e8f8
107,91,136393,#3bc6f8
108,91,136394,#3bc6f8
109,91,136395,#3bc6f8
109,90,136396,#3bc6f8
110,90,136397,#3bc6f8
108,92,136398,#a8e8f8
108,93,136399,#a8e8f8
108,94,136400,#3bc6f8
108,95,136401,#3bc6f8
108,96,136402,#a8e8f8
108,97,136403,#a8e8f8
109,97,136404,#3bc6f8
109,98,136405,#3bc6f8
109,96,136406,#3bc6f8
110,98,136407,#3bc6f8
110,99,136408,#3bc6f8
110,100,136409,#3bc6f8
110,101,136410,#3bc6f8
110,102,136411,#3bc6f8
110,103,136412,#3bc6f8
110,104,136413,#3bc6f8
109,104,136414,#a8e8f8
109,105,136415,#a8e8f8
111,101,136416,#3bc6f8
109,106,136417,#3bc6f8
109,107,136418,#a8e8f8
109,108,136419,#3bc6f8
108,108,136420,#3bc6f8
107,108,136421,#a8e8f8
106,109,136422,#3bc6f8
105,109,136423,#3bc6f8
104,109,136424,#a8e8f8
104,110,136425,#3bc6f8
103,110,136426,#3bc6f8
102,110,136427,#3bc6f8
102,111,136428,#3bc6f8
101,113,136429,#3bc6f8
102,109,136430,#3bc6f8
103,109,136431,#a8e8f8
103,108,136432,#3bc6f8
104,107,136433,#a8e8f8
104,106,136434,#3bc6f8
105,106,136435,#a8e8f8
106,105,136436,#3bc6f8
107,104,136437,#a8e8f8
107,103,136438,#3bc6f8
107,102,136439,#3bc6f8
107,101,136440,#3bc6f8
107,100,136441,#3bc6f8
107,99,136442,#3bc6f8
107,98,136443,#a8e8f8
106,97,136444,#3bc6f8
105,96,136445,#3bc6f8
104,96,136446,#3bc6f8
103,96,136447,#3bc6f8
102,96,136448,#3bc6f8
103,107,136449,#3bc6f8
116,106,136450,#3bc6f8
103,95,136451,#a8e8f8
103,94,136452,#a8e8f8
104,94,136453,#a8e8f8
106,93,136454,#a8e8f8
107,93,136455,#a8e8f8
107,94,136456,#a8e8f8
106,94,136457,#a8e8f8
105,94,136458,#a8e8f8
105,95,136459,#a8e8f8
106,95,136460,#a8e8f8
104,95,136461,#a8e8f8
106,96,136462,#a8e8f8
107,96,136463,#a8e8f8
107,95,136464,#a8e8f8
108,98,136465,#a8e8f8
107,97,136466,#a8e8f8
108,99,136467,#a8e8f8
109,99,136468,#a8e8f8
109,100,136469,#a8e8f8
109,101,136470,#a8e8f8
109,102,136471,#a8e8f8
109,103,136472,#a8e8f8
108,103,136473,#a8e8f8
108,102,136474,#a8e8f8
108,101,136475,#a8e8f8
108,100,136476,#a8e8f8
108,105,136477,#a8e8f8
108,106,136478,#a8e8f8
108,107,136479,#a8e8f8
107,107,136480,#a8e8f8
106,108,136481,#a8e8f8
105,108,136482,#a8e8f8
104,108,136483,#a8e8f8
105,107,136484,#a8e8f8
106,106,136485,#a8e8f8
107,106,136486,#a8e8f8
107,105,136487,#a8e8f8
108,104,136488,#a8e8f8
106,107,136489,#a8e8f8
100,104,136490,#1840f8
