138,131,210363,#000000
137,131,210364,#000000
136,131,210365,#000000
138,132,210366,#000000
138,133,210367,#000000
138,134,210368,#000000
138,135,210369,#000000
138,136,210370,#000000
138,137,210371,#000000
138,138,210372,#000000
138,139,210373,#000000
138,140,210374,#000000
138,141,210375,#000000
138,142,210376,#000000
138,143,210377,#000000
137,143,210378,#000000
136,143,210379,#000000
135,142,210380,#000000
135,141,210381,#000000
134,140,210382,#000000
134,139,210383,#000000
133,138,210384,#000000
133,137,210385,#000000
132,137,210386,#000000
132,136,210387,#282828
131,137,210388,#000000
130,137,210389,#000000
129,137,210390,#000000
128,137,210391,#000000
135,131,210392,#000000
134,131,210393,#000000
133,131,210394,#000000
133,130,210395,#000000
132,130,210396,#000000
131,130,210397,#000000
130,130,210398,#000000
129,130,210399,#000000
128,130,210400,#000000
133,132,210401,#000000
127,130,210402,#000000
127,138,210403,#000000
126,138,210404,#000000
125,138,210405,#000000
124,138,210406,#000000
123,138,210407,#000000
122,138,210408,#000000
121,137,210409,#000000
120,136,210410,#000000
126,131,210411,#000000
125,131,210412,#000000
124,131,210413,#000000
124,130,210414,#000000
123,129,210415,#000000
123,128,210416,#000000
122,127,210417,#000000
122,126,210418,#000000
121,125,210419,#000000
121,124,210420,#000000
121,123,210421,#000000
121,122,210422,#000000
120,124,210423,#000000
122,122,210424,#000000
122,121,210425,#000000
123,120,210426,#000000
123,119,210427,#000000
124,118,210428,#000000
125,117,210429,#000000
125,116,210430,#000000
126,115,210431,#000000
127,114,210432,#000000
128,113,210433,#000000
129,112,210434,#000000
130,111,210435,#000000
131,110,210436,#000000
132,110,210437,#000000
133,109,210438,#000000
133,108,210439,#000000
134,107,210440,#000000
134,106,210441,#000000
134,105,210442,#000000
135,105,210443,#000000
136,105,210444,#000000
137,106,210445,#000000
138,106,210446,#000000
139,105,210447,#000000
139,104,210448,#000000
139,103,210449,#000000
139,102,210450,#000000
139,101,210451,#000000
139,100,210452,#000000
139,99,210453,#000000
138,98,210454,#000000
137,98,210455,#000000
136,98,210456,#000000
135,98,210457,#000000
134,99,210458,#000000
133,99,210459,#000000
132,99,210460,#000000
132,100,210461,#000000
131,100,210462,#000000
130,101,210463,#000000
129,102,210464,#000000
128,103,210465,#000000
127,104,210466,#000000
126,105,210467,#000000
125,106,210468,#000000
124,107,210469,#000000
123,108,210470,#000000
122,109,210471,#000000
121,110,210472,#000000
120,111,210473,#000000
119,112,210474,#000000
118,113,210475,#000000
117,114,210476,#000000
116,114,210477,#000000
115,115,210478,#000000
114,116,210479,#000000
113,116,210480,#000000
112,116,210481,#000000
113,115,210482,#000000
113,114,210483,#000000
113,113,210484,#000000
112,113,210485,#000000
114,112,210486,#1840f8
114,111,210487,#a8e8f8
114,110,210488,#1840f8
115,109,210489,#000000
115,108,210490,#000000
115,107,210491,#000000
115,106,210492,#000000
115,105,210493,#000000
114,105,210494,#000000
113,104,210495,#1840f8
112,104,210496,#a8e8f8
111,105,210497,#1840f8
110,106,210498,#000000
110,107,210499,#1840f8
110,108,210500,#a8e8f8
109,109,210501,#a8e8f8
109,110,210502,#1840f8
109,111,210503,#000000
108,111,210504,#1840f8
108,112,210505,#000000
108,113,210506,#000000
107,114,210507,#000000
106,115,210508,#000000
105,116,210509,#000000
104,117,210510,#000000
103,118,210511,#282828
102,119,210512,#000000
111,113,210513,#000000
110,112,210514,#000000
109,112,210515,#000000
101,120,210516,#000000
100,121,210517,#000000
99,122,210518,#000000
98,123,210519,#000000
97,124,210520,#000000
97,125,210521,#000000
96,126,210522,#000000
96,127,210523,#000000
103,127,210524,#000000
103,126,210525,#000000
95,129,210526,#000000
95,128,210527,#000000
94,130,210528,#000000
93,130,210529,#000000
93,131,210530,#000000
93,132,210531,#000000
93,133,210532,#000000
94,133,210533,#000000
95,134,210534,#000000
92,131,210535,#000000
91,131,210536,#000000
91,130,210537,#000000
91,129,210538,#000000
90,130,210539,#000000
89,131,210540,#000000
88,131,210541,#000000
88,132,210542,#000000
88,133,210543,#000000
88,134,210544,#000000
112,117,210545,#000000
111,117,210546,#000000
112,118,210547,#000000
112,119,210548,#000000
110,118,210549,#000000
109,119,210550,#000000
108,119,210551,#000000
107,120,210552,#000000
106,121,210553,#000000
105,122,210554,#000000
105,123,210555,#1840f8
104,124,210556,#000000
104,125,210557,#000000
113,120,210558,#000000
113,121,210559,#000000
113,122,210560,#000000
114,123,210561,#a8e8f8
114,124,210562,#3bc6f8
114,125,210563,#1840f8
114,126,210564,#000000
114,127,210565,#000000
115,127,210566,#000000
116,127,210567,#000000
117,126,210568,#000000
118,126,210569,#000000
119,126,210570,#000000
119,125,210571,#000000
119,127,210572,#000000
114,128,210573,#000000
114,129,210574,#000000
114,130,210575,#000000
115,131,210576,#000000
116,132,210577,#000000
117,133,210578,#000000
118,134,210579,#000000
119,135,210580,#000000
113,131,210581,#000000
112,132,210582,#000000
111,133,210583,#000000
111,134,210584,#000000
111,135,210585,#000000
111,132,210586,#000000
110,132,210587,#000000
110,133,210588,#000000
109,133,210589,#000000
108,133,210590,#000000
107,134,210591,#000000
106,135,210592,#000000
104,136,210593,#000000
105,136,210594,#000000
106,136,210595,#000000
107,136,210596,#000000
106,137,210597,#000000
106,138,210598,#000000
108,136,210599,#000000
107,137,210600,#000000
107,138,210601,#000000
105,138,210602,#000000
105,139,210603,#000000
105,140,210604,#000000
105,141,210605,#000000
106,141,210606,#000000
106,142,210607,#000000
106,143,210608,#000000
107,141,210609,#000000
108,139,210610,#000000
108,140,210611,#000000
110,136,210612,#000000
111,136,210613,#000000
111,137,210614,#000000
110,135,210615,#000000
109,135,210616,#000000
112,135,210617,#000000
112,136,210618,#000000
112,137,210619,#000000
113,138,210620,#000000
113,139,210621,#000000
113,140,210622,#000000
112,141,210623,#000000
112,142,210624,#000000
111,143,210625,#000000
110,143,210626,#000000
107,144,210627,#000000
108,144,210628,#000000
109,144,210629,#000000
103,137,210630,#000000
102,137,210631,#000000
101,137,210632,#000000
100,138,210633,#000000
99,138,210634,#000000
95,130,210635,#000000
96,131,210636,#000000
97,132,210637,#000000
98,132,210638,#000000
99,133,210639,#000000
100,134,210640,#000000
101,135,210641,#000000
101,136,210642,#000000
99,137,210643,#000000
98,136,210644,#000000
97,135,210645,#000000
96,135,210646,#000000
98,139,210647,#000000
98,140,210648,#000000
97,138,210649,#000000
99,141,210650,#000000
99,142,210651,#000000
99,143,210652,#000000
99,144,210653,#000000
98,145,210654,#000000
97,145,210655,#000000
96,146,210656,#000000
95,147,210657,#000000
94,147,210658,#000000
93,147,210659,#000000
92,146,210660,#000000
91,146,210661,#000000
90,146,210662,#000000
89,144,210663,#000000
89,145,210664,#000000
89,146,210665,#000000
89,147,210666,#000000
89,148,210667,#000000
89,149,210668,#000000
88,148,210669,#000000
88,146,210670,#000000
87,147,210671,#000000
86,147,210672,#000000
86,145,210673,#000000
85,146,210674,#000000
83,148,210675,#000000
83,149,210676,#000000
82,147,210677,#000000
82,146,210678,#000000
81,145,210679,#000000
80,145,210680,#000000
79,145,210681,#000000
78,145,210682,#000000
79,144,210683,#000000
80,143,210684,#000000
80,142,210685,#000000
79,142,210686,#000000
78,142,210687,#000000
77,142,210688,#000000
76,142,210689,#000000
77,141,210690,#000000
78,140,210691,#000000
79,139,210692,#000000
78,138,210693,#000000
77,137,210694,#000000
76,136,210695,#000000
77,136,210696,#000000
78,136,210697,#000000
79,136,210698,#000000
80,136,210699,#000000
81,136,210700,#000000
81,135,210701,#000000
80,135,210702,#000000
80,134,210703,#000000
80,133,210704,#000000
79,132,210705,#000000
79,131,210706,#000000
79,130,210707,#000000
80,131,210708,#000000
81,131,210709,#000000
82,132,210710,#000000
83,132,210711,#000000
83,131,210712,#000000
84,130,210713,#000000
85,129,210714,#000000
85,128,210715,#000000
86,130,210716,#000000
86,131,210717,#000000
87,131,210718,#000000
87,132,210719,#000000
87,133,210720,#000000
87,134,210721,#000000
88,136,210722,#000000
87,137,210723,#000000
87,138,210724,#000000
86,139,210725,#000000
88,138,210726,#000000
89,139,210727,#000000
90,138,210728,#000000
89,140,210729,#000000
89,141,210730,#000000
89,142,210731,#000000
89,143,210732,#000000
88,140,210733,#000000
88,141,210734,#000000
86,138,210735,#000000
87,141,210736,#000000
86,142,210737,#000000
90,143,210738,#000000
90,142,210739,#000000
91,141,210740,#000000
91,144,210741,#000000
89,134,210742,#d09018
90,134,210743,#d09018
91,134,210744,#d09018
92,134,210745,#d09018
93,134,210746,#d09018
94,134,210747,#d09018
90,133,210748,#d09018
91,133,210749,#d09018
92,133,210750,#d09018
89,133,210751,#d09018
90,132,210752,#d09018
91,132,210753,#d09018
92,132,210754,#d09018
89,132,210755,#d09018
90,131,210756,#d09018
85,131,210757,#d09018
85,132,210758,#d09018
85,133,210759,#d09018
85,130,210760,#d09018
85,134,210761,#d09018
86,133,210762,#d09018
84,133,210763,#d09018
84,132,210764,#d09018
84,131,210765,#d09018
86,132,210766,#d09018
83,133,210767,#d09018
81,132,210768,#d09018
80,132,210769,#d09018
81,134,210770,#d09018
82,135,210771,#d09018
82,136,210772,#d09018
82,137,210773,#d09018
81,137,210774,#d09018
80,137,210775,#d09018
79,137,210776,#d09018
78,137,210777,#d09018
79,138,210778,#d09018
80,139,210779,#d09018
81,140,210780,#d09018
80,140,210781,#d09018
80,141,210782,#d09018
79,141,210783,#d09018
79,140,210784,#d09018
78,141,210785,#d09018
81,142,210786,#d09018
80,144,210787,#d09018
81,144,210788,#d09018
82,144,210789,#d09018
82,145,210790,#d09018
83,146,210791,#d09018
83,147,210792,#d09018
84,147,210793,#000000
84,146,210794,#d09018
84,145,210795,#d09018
87,146,210796,#d09018
88,147,210797,#d09018
85,139,210798,#d09018
86,137,210799,#d09018
87,136,210800,#d09018
90,135,210801,#d09018
90,136,210802,#d09018
90,137,210803,#d09018
91,138,210804,#d09018
92,138,210805,#d09018
93,138,210806,#d09018
90,144,210807,#d09018
81,133,210808,#f8e048
82,133,210809,#f8e048
82,134,210810,#f8e048
83,134,210811,#f8e048
84,134,210812,#f8e048
84,135,210813,#f8e048
83,135,210814,#f8e048
85,135,210815,#f8e048
86,135,210816,#f8e048
87,135,210817,#f8e048
88,135,210818,#f8e048
89,135,210819,#f8e048
86,134,210820,#f8e048
86,136,210821,#f8e048
85,136,210822,#f8e048
84,136,210823,#f8e048
83,136,210824,#f8e048
83,137,210825,#f8e048
84,137,210826,#f8e048
85,137,210827,#f8e048
85,138,210828,#f8e048
84,138,210829,#f8e048
83,138,210830,#f8e048
82,138,210831,#f8e048
81,138,210832,#f8e048
80,138,210833,#f8e048
81,139,210834,#f8e048
82,139,210835,#f8e048
83,139,210836,#f8e048
84,139,210837,#f8e048
82,140,210838,#f8e048
82,141,210839,#f8e048
81,141,210840,#f8e048
83,141,210841,#f8e048
84,141,210842,#f8e048
84,140,210843,#f8e048
83,140,210844,#f8e048
85,140,210845,#f8e048
86,140,210846,#f8e048
85,141,210847,#f8e048
86,141,210848,#f8e048
87,140,210849,#f8e048
87,139,210850,#f8e048
88,139,210851,#f8e048
83,142,210852,#f8e048
82,142,210853,#f8e048
84,142,210854,#f8e048
85,142,210855,#f8e048
85,143,210856,#f8e048
84,143,210857,#f8e048
83,143,210858,#f8e048
82,143,210859,#f8e048
81,143,210860,#f8e048
83,144,210861,#f8e048
83,145,210862,#f8e048
84,144,210863,#f8e048
85,144,210864,#f8e048
86,144,210865,#f8e048
87,144,210866,#f8e048
87,143,210867,#f8e048
86,143,210868,#f8e048
88,143,210869,#f8e048
88,142,210870,#f8e048
87,142,210871,#f8e048
88,144,210872,#f8e048
88,145,210873,#f8e048
87,145,210874,#f8e048
86,146,210875,#f8e048
85,145,210876,#f8e048
88,137,210877,#f8e048
89,137,210878,#f8e048
89,136,210879,#f8e048
89,138,210880,#f8e048
91,143,210881,#3bc6f8
92,143,210882,#3bc6f8
92,144,210883,#3bc6f8
93,146,210884,#ffffff
91,142,210885,#ffffff
92,142,210886,#ffffff
92,140,210887,#f8ebce
96,145,210888,#f8ebce
96,144,210889,#f8ebce
91,135,210890,#fb9043
92,135,210891,#fb9043
93,135,210892,#fb9043
94,135,210893,#fb9043
95,135,210894,#fb9043
97,136,210895,#fb9043
97,137,210896,#fb9043
96,136,210897,#fb9043
96,137,210898,#fb9043
98,137,210899,#fb9043
98,138,210900,#fb9043
96,138,210901,#fb9043
96,139,210902,#fb9043
97,139,210903,#fb9043
97,140,210904,#fb9043
97,141,210905,#fb9043
98,141,210906,#fb9043
98,142,210907,#fb9043
95,136,210908,#fb9043
94,137,210909,#fb9043
93,137,210910,#fb9043
92,137,210911,#fb9043
91,137,210912,#fb9043
95,138,210913,#fb9043
95,139,210914,#fb9043
94,140,210915,#fb9043
94,141,210916,#fb9043
90,139,210917,#fb9043
90,140,210918,#fb9043
90,145,210919,#fb9043
92,145,210920,#fb9043
95,145,210921,#fb9043
95,144,210922,#fb9043
94,136,210923,#f8c880
93,136,210924,#f8c880
95,137,210925,#f8c880
94,138,210926,#f8c880
94,139,210927,#f8c880
95,140,210928,#f8c880
96,140,210929,#f8c880
96,141,210930,#f8c880
96,142,210931,#f8c880
96,143,210932,#f8c880
97,142,210933,#f8c880
97,143,210934,#f8c880
97,144,210935,#f8c880
98,143,210936,#f8c880
98,144,210937,#f8c880
95,146,210938,#f8c880
90,141,210939,#f8c880
91,136,210940,#f8ebce
92,136,210941,#f8ebce
91,139,210942,#fb9043
93,142,210943,#f8ebce
94,142,210944,#f8ebce
95,142,210945,#f8ebce
95,143,210946,#f8ebce
94,143,210947,#f8ebce
93,143,210948,#f8ebce
95,141,210949,#f8ebce
93,144,210950,#f8ebce
94,144,210951,#f8ebce
94,145,210952,#f8ebce
93,145,210953,#f8ebce
94,146,210954,#f8ebce
92,141,210955,#f8ebce
93,141,210956,#f8ebce
93,140,210957,#f8ebce
93,139,210958,#fb9043
91,140,210959,#f8ebce
92,139,210960,#fb9043
95,131,210961,#282828
94,131,210962,#282828
94,132,210963,#282828
95,132,210964,#282828
96,132,210965,#282828
96,133,210966,#282828
97,133,210967,#282828
95,133,210968,#282828
96,134,210969,#282828
97,134,210970,#282828
98,134,210971,#282828
98,135,210972,#282828
99,135,210973,#282828
99,136,210974,#282828
100,136,210975,#282828
100,137,210976,#282828
100,135,210977,#282828
99,134,210978,#282828
98,133,210979,#282828
97,128,210980,#282828
98,128,210981,#282828
98,129,210982,#282828
98,130,210983,#282828
99,130,210984,#282828
99,131,210985,#282828
100,131,210986,#282828
100,132,210987,#282828
101,132,210988,#282828
101,133,210989,#282828
102,133,210990,#282828
103,133,210991,#282828
103,134,210992,#282828
103,135,210993,#282828
103,136,210994,#282828
102,136,210995,#282828
102,135,210996,#282828
102,134,210997,#282828
101,134,210998,#282828
100,133,210999,#282828
99,132,211000,#282828
98,131,211001,#282828
97,131,211002,#282828
97,130,211003,#282828
97,129,211004,#282828
96,129,211005,#282828
96,128,211006,#282828
96,130,211007,#282828
104,135,211008,#282828
105,134,211009,#282828
104,134,211010,#282828
105,135,211011,#282828
107,135,211012,#282828
108,135,211013,#282828
108,134,211014,#282828
109,134,211015,#282828
110,134,211016,#282828
103,128,211017,#282828
102,128,211018,#282828
102,127,211019,#282828
102,126,211020,#282828
102,125,211021,#282828
102,124,211022,#282828
103,124,211023,#282828
103,125,211024,#282828
101,126,211025,#282828
101,125,211026,#282828
101,124,211027,#282828
102,123,211028,#282828
103,123,211029,#282828
104,123,211030,#282828
104,122,211031,#282828
103,122,211032,#282828
103,121,211033,#282828
103,120,211034,#282828
103,119,211035,#282828
104,118,211036,#282828
105,118,211037,#282828
105,117,211038,#282828
106,116,211039,#282828
107,115,211040,#282828
108,114,211041,#282828
109,113,211042,#282828
110,113,211043,#282828
111,114,211044,#282828
112,114,211045,#282828
112,115,211046,#282828
111,116,211047,#282828
110,116,211048,#282828
110,117,211049,#282828
109,118,211050,#282828
107,119,211051,#282828
106,120,211052,#282828
105,121,211053,#282828
110,120,211054,#282828
111,120,211055,#282828
111,121,211056,#282828
111,122,211057,#282828
111,123,211058,#a8e8f8
112,123,211059,#a8e8f8
112,124,211060,#3bc6f8
112,125,211061,#1840f8
112,126,211062,#282828
112,127,211063,#282828
112,128,211064,#282828
112,129,211065,#282828
112,130,211066,#282828
112,131,211067,#282828
113,130,211068,#282828
113,129,211069,#282828
113,128,211070,#282828
113,127,211071,#282828
113,126,211072,#282828
113,125,211073,#1840f8
113,124,211074,#3bc6f8
113,123,211075,#a8e8f8
112,122,211076,#282828
112,121,211077,#282828
112,120,211078,#282828
111,119,211079,#282828
110,119,211080,#282828
111,118,211081,#282828
111,128,211082,#282828
110,128,211083,#282828
109,128,211084,#282828
110,127,211085,#282828
111,127,211086,#282828
111,126,211087,#282828
109,127,211088,#282828
110,126,211089,#282828
111,125,211090,#1840f8
111,124,211091,#3bc6f8
111,129,211092,#282828
111,130,211093,#282828
111,131,211094,#282828
108,128,211095,#282828
108,129,211096,#282828
107,129,211097,#505050
107,130,211098,#505050
100,130,211099,#505050
100,129,211100,#505050
100,128,211101,#505050
101,128,211102,#505050
99,128,211103,#505050
100,127,211104,#505050
99,129,211105,#505050
101,127,211106,#505050
99,127,211107,#505050
98,127,211108,#505050
97,127,211109,#505050
97,126,211110,#505050
98,126,211111,#505050
99,126,211112,#505050
100,126,211113,#505050
99,125,211114,#505050
98,125,211115,#505050
99,124,211116,#505050
100,124,211117,#505050
100,125,211118,#505050
98,124,211119,#505050
99,123,211120,#505050
100,123,211121,#505050
101,123,211122,#505050
101,122,211123,#505050
100,122,211124,#505050
101,121,211125,#505050
102,120,211126,#505050
102,121,211127,#505050
102,122,211128,#505050
104,120,211129,#505050
105,119,211130,#505050
104,119,211131,#505050
104,121,211132,#505050
105,120,211133,#505050
106,119,211134,#505050
106,118,211135,#505050
106,117,211136,#505050
107,117,211137,#505050
107,118,211138,#505050
108,118,211139,#505050
108,117,211140,#505050
107,116,211141,#505050
108,116,211142,#505050
109,117,211143,#505050
109,116,211144,#505050
108,115,211145,#505050
109,115,211146,#505050
110,115,211147,#505050
110,114,211148,#505050
109,114,211149,#505050
111,115,211150,#505050
101,130,211151,#505050
101,131,211152,#505050
102,131,211153,#505050
103,131,211154,#505050
103,132,211155,#505050
102,132,211156,#505050
104,132,211157,#505050
104,131,211158,#505050
102,130,211159,#505050
101,129,211160,#505050
102,129,211161,#505050
103,130,211162,#505050
104,130,211163,#505050
103,129,211164,#505050
104,129,211165,#505050
105,130,211166,#505050
105,131,211167,#505050
104,133,211168,#505050
105,133,211169,#505050
105,132,211170,#505050
106,132,211171,#505050
106,131,211172,#505050
107,131,211173,#505050
106,130,211174,#505050
106,129,211175,#505050
105,129,211176,#505050
104,126,211177,#e84000
105,126,211178,#e84000
106,126,211179,#e84000
107,126,211180,#e84000
107,127,211181,#e84000
108,127,211182,#e84000
106,125,211183,#e84000
105,125,211184,#e84000
107,125,211185,#e84000
106,124,211186,#1840f8
105,124,211187,#e84000
106,123,211188,#3bc6f8
107,123,211189,#a8e8f8
107,122,211190,#e84000
107,121,211191,#e84000
106,122,211192,#e84000
108,121,211193,#e84000
108,120,211194,#e84000
109,120,211195,#e84000
109,121,211196,#e84000
109,122,211197,#e84000
108,122,211198,#e84000
108,123,211199,#a8e8f8
107,124,211200,#3bc6f8
110,121,211201,#e84000
110,122,211202,#e84000
110,123,211203,#a8e8f8
110,124,211204,#3bc6f8
110,125,211205,#1840f8
109,125,211206,#1840f8
108,125,211207,#1840f8
108,126,211208,#e84000
109,126,211209,#e84000
108,124,211210,#3bc6f8
109,124,211211,#3bc6f8
109,123,211212,#a8e8f8
106,134,211213,#e84000
106,133,211214,#e84000
108,132,211215,#e84000
108,131,211216,#e84000
108,130,211217,#e84000
109,130,211218,#e84000
109,129,211219,#e84000
110,129,211220,#e84000
110,130,211221,#e84000
109,131,211222,#e84000
109,132,211223,#e84000
110,131,211224,#e84000
104,127,211225,#f89840
105,127,211226,#f89840
106,127,211227,#f89840
106,128,211228,#f89840
105,128,211229,#f89840
107,128,211230,#f89840
104,128,211231,#f89840
107,132,211232,#f89840
107,133,211233,#f89840
108,137,211234,#fb9043
109,137,211235,#fb9043
110,137,211236,#fb9043
109,136,211237,#fb9043
111,138,211238,#fb9043
112,138,211239,#fb9043
112,139,211240,#fb9043
112,140,211241,#fb9043
111,140,211242,#fb9043
111,141,211243,#fb9043
110,141,211244,#f8c880
110,142,211245,#fb9043
111,142,211246,#fb9043
108,138,211247,#f8c880
109,138,211248,#f8c880
110,138,211249,#f8c880
110,139,211250,#f8c880
111,139,211251,#f8c880
110,140,211252,#f8c880
109,141,211253,#f8c880
109,142,211254,#f8c880
109,143,211255,#f8c880
108,143,211256,#f8c880
107,143,211257,#f8c880
107,142,211258,#f8ebce
108,142,211259,#f8ebce
108,141,211260,#f8ebce
109,140,211261,#f8ebce
109,139,211262,#f8ebce
106,139,211263,#f8ebce
106,140,211264,#f8ebce
107,140,211265,#f8ebce
107,139,211266,#f8ebce
113,112,211267,#1840f8
113,111,211268,#a8e8f8
113,110,211269,#3bc6f8
113,109,211270,#1840f8
114,109,211271,#fb9043
114,108,211272,#fb9043
114,107,211273,#fb9043
114,106,211274,#fb9043
113,106,211275,#1840f8
113,105,211276,#1840f8
112,112,211277,#1840f8
111,112,211278,#1840f8
111,111,211279,#1840f8
110,111,211280,#1840f8
110,110,211281,#1840f8
111,110,211282,#a8e8f8
112,111,211283,#a8e8f8
112,110,211284,#a8e8f8
112,109,211285,#1840f8
113,108,211286,#f8c880
113,107,211287,#1840f8
112,106,211288,#a8e8f8
112,105,211289,#a8e8f8
110,109,211290,#a8e8f8
111,109,211291,#a8e8f8
111,108,211292,#a8e8f8
111,107,211293,#a8e8f8
112,107,211294,#a8e8f8
111,106,211295,#1840f8
112,108,211296,#1840f8
132,135,211297,#282828
133,134,211298,#282828
133,133,211299,#282828
132,134,211300,#282828
115,129,211301,#e84000
116,128,211302,#e84000
115,128,211303,#e84000
115,130,211304,#e84000
116,130,211305,#e84000
116,129,211306,#e84000
117,129,211307,#e84000
117,128,211308,#e84000
117,127,211309,#e84000
118,127,211310,#e84000
118,128,211311,#e84000
118,129,211312,#e84000
117,130,211313,#e84000
117,131,211314,#e84000
116,131,211315,#e84000
117,132,211316,#e84000
118,132,211317,#e84000
118,133,211318,#e84000
119,133,211319,#e84000
119,134,211320,#e84000
120,134,211321,#e84000
120,135,211322,#e84000
121,135,211323,#e84000
122,135,211324,#e84000
122,136,211325,#e84000
121,136,211326,#e84000
122,137,211327,#e84000
123,137,211328,#e84000
124,137,211329,#e84000
125,137,211330,#e84000
126,137,211331,#e84000
127,137,211332,#e84000
127,136,211333,#e84000
126,136,211334,#e84000
125,136,211335,#e84000
124,136,211336,#e84000
123,136,211337,#e84000
123,135,211338,#e84000
124,135,211339,#e84000
125,135,211340,#e84000
126,135,211341,#e84000
127,135,211342,#e84000
125,134,211343,#e84000
124,134,211344,#e84000
123,134,211345,#e84000
122,133,211346,#e84000
121,133,211347,#e84000
123,133,211348,#e84000
126,134,211349,#e84000
124,133,211350,#e84000
121,132,211351,#e84000
120,132,211352,#e84000
119,132,211353,#e84000
120,133,211354,#e84000
122,134,211355,#e84000
121,134,211356,#e84000
119,131,211357,#e84000
118,131,211358,#e84000
118,130,211359,#e84000
120,131,211360,#e84000
121,131,211361,#e84000
122,132,211362,#e84000
123,132,211363,#e84000
122,131,211364,#e84000
120,130,211365,#e84000
119,130,211366,#e84000
119,129,211367,#e84000
121,130,211368,#e84000
120,129,211369,#e84000
122,130,211370,#e84000
121,129,211371,#e84000
119,128,211372,#e84000
120,128,211373,#e84000
121,128,211374,#e84000
120,127,211375,#e84000
121,127,211376,#e84000
121,126,211377,#e84000
120,126,211378,#e84000
120,125,211379,#e84000
122,128,211380,#e84000
122,129,211381,#e84000
123,130,211382,#e84000
123,131,211383,#e84000
124,132,211384,#e84000
125,132,211385,#e84000
126,132,211386,#e84000
126,133,211387,#e84000
125,133,211388,#e84000
127,134,211389,#e84000
127,133,211390,#e84000
127,132,211391,#e84000
128,132,211392,#e84000
128,131,211393,#e84000
127,131,211394,#e84000
129,132,211395,#e84000
129,133,211396,#e84000
128,133,211397,#e84000
128,134,211398,#e84000
129,134,211399,#e84000
129,135,211400,#e84000
128,135,211401,#e84000
128,136,211402,#e84000
129,136,211403,#e84000
130,136,211404,#e84000
131,136,211405,#e84000
131,135,211406,#e84000
130,135,211407,#e84000
130,134,211408,#e84000
131,134,211409,#e84000
131,133,211410,#e84000
130,133,211411,#e84000
130,132,211412,#e84000
131,132,211413,#e84000
130,131,211414,#e84000
129,131,211415,#e84000
131,131,211416,#e84000
132,131,211417,#e84000
132,132,211418,#e84000
132,133,211419,#e84000
133,136,211420,#282828
133,135,211421,#a0a0a0
134,135,211422,#a0a0a0
134,134,211423,#a0a0a0
134,133,211424,#282828
134,132,211425,#282828
135,132,211426,#282828
136,132,211427,#282828
136,133,211428,#282828
137,133,211429,#282828
137,132,211430,#282828
137,134,211431,#282828
137,135,211432,#282828
137,136,211433,#282828
137,137,211434,#282828
137,138,211435,#282828
137,139,211436,#282828
137,140,211437,#282828
137,141,211438,#282828
137,142,211439,#282828
134,138,211440,#282828
134,137,211441,#282828
135,137,211442,#282828
136,137,211443,#282828
134,136,211444,#282828
135,136,211445,#282828
136,136,211446,#282828
136,135,211447,#282828
135,134,211448,#505050
136,134,211449,#505050
135,133,211450,#505050
135,135,211451,#505050
135,138,211452,#fb9043
136,138,211453,#fb9043
136,139,211454,#fb9043
136,140,211455,#fb9043
136,141,211456,#f8c880
136,142,211457,#f8c880
135,139,211458,#f8ebce
135,140,211459,#f8ebce
113,119,211460,#e84000
113,118,211461,#e84000
113,117,211462,#e84000
114,117,211463,#e84000
115,117,211464,#e84000
116,116,211465,#e84000
115,116,211466,#e84000
116,115,211467,#e84000
117,115,211468,#e84000
118,115,211469,#e84000
118,114,211470,#e84000
119,114,211471,#e84000
119,113,211472,#e84000
120,113,211473,#e84000
120,112,211474,#e84000
121,111,211475,#e84000
122,110,211476,#e84000
123,110,211477,#e84000
123,109,211478,#e84000
124,109,211479,#e84000
124,108,211480,#e84000
125,108,211481,#e84000
125,107,211482,#e84000
126,107,211483,#e84000
126,106,211484,#e84000
127,106,211485,#e84000
127,105,211486,#e84000
128,105,211487,#e84000
128,104,211488,#e84000
129,104,211489,#e84000
129,103,211490,#e84000
130,103,211491,#e84000
130,102,211492,#e84000
131,102,211493,#e84000
131,101,211494,#e84000
132,101,211495,#e84000
114,119,211496,#f89840
114,120,211497,#e84000
114,121,211498,#e84000
114,122,211499,#a8e8f8
115,122,211500,#a8e8f8
115,123,211501,#3bc6f8
115,124,211502,#1840f8
115,125,211503,#e84000
115,126,211504,#e84000
116,126,211505,#e84000
117,125,211506,#e84000
118,125,211507,#e84000
118,124,211508,#e84000
119,124,211509,#e84000
119,123,211510,#e84000
120,122,211511,#e84000
120,123,211512,#e84000
120,121,211513,#f89840
121,121,211514,#e84000
121,120,211515,#e84000
122,120,211516,#e84000
122,119,211517,#e84000
122,118,211518,#f89840
123,118,211519,#e84000
123,117,211520,#f89840
124,117,211521,#e84000
124,116,211522,#e84000
124,115,211523,#f89840
125,115,211524,#e84000
125,114,211525,#e84000
126,114,211526,#e84000
126,113,211527,#e84000
127,113,211528,#e84000
127,112,211529,#e84000
128,112,211530,#e84000
128,111,211531,#e84000
129,111,211532,#e84000
129,110,211533,#e84000
130,110,211534,#e84000
130,109,211535,#e84000
131,109,211536,#e84000
132,109,211537,#e84000
132,108,211538,#e84000
132,107,211539,#e84000
133,107,211540,#e84000
133,106,211541,#e84000
133,105,211542,#e84000
133,104,211543,#e84000
133,103,211544,#282828
132,103,211545,#e84000
132,102,211546,#e84000
132,104,211547,#e84000
131,104,211548,#e84000
131,105,211549,#e84000
130,105,211550,#e84000
130,106,211551,#e84000
129,106,211552,#e84000
129,107,211553,#e84000
128,107,211554,#e84000
127,108,211555,#e84000
126,108,211556,#e84000
126,109,211557,#e84000
125,109,211558,#e84000
125,110,211559,#e84000
124,110,211560,#e84000
123,111,211561,#e84000
123,112,211562,#e84000
124,112,211563,#e84000
124,113,211564,#e84000
125,113,211565,#e84000
125,112,211566,#e84000
124,111,211567,#e84000
122,111,211568,#e84000
126,112,211569,#e84000
127,111,211570,#e84000
126,111,211571,#e84000
125,111,211572,#e84000
128,110,211573,#e84000
127,110,211574,#e84000
126,110,211575,#e84000
128,109,211576,#e84000
127,109,211577,#e84000
129,108,211578,#e84000
129,109,211579,#e84000
130,108,211580,#e84000
128,108,211581,#e84000
130,107,211582,#e84000
131,107,211583,#e84000
131,108,211584,#e84000
131,106,211585,#e84000
132,106,211586,#e84000
132,105,211587,#e84000
128,106,211588,#e84000
129,105,211589,#e84000
130,104,211590,#e84000
127,107,211591,#e84000
131,103,211592,#e84000
115,118,211593,#f89840
116,117,211594,#f89840
116,118,211595,#f89840
114,118,211596,#f89840
115,119,211597,#f89840
115,120,211598,#f89840
115,121,211599,#a8e8f8
116,122,211600,#1840f8
116,123,211601,#1840f8
116,124,211602,#f89840
117,124,211603,#f89840
117,123,211604,#f89840
117,122,211605,#f89840
118,122,211606,#f89840
118,123,211607,#f89840
116,125,211608,#f89840
119,122,211609,#f89840
119,121,211610,#f89840
120,120,211611,#f89840
120,119,211612,#f89840
119,120,211613,#f89840
118,121,211614,#f89840
118,120,211615,#f89840
119,119,211616,#f89840
118,119,211617,#1840f8
117,119,211618,#f89840
117,120,211619,#1840f8
117,121,211620,#1840f8
116,121,211621,#a8e8f8
116,120,211622,#a8e8f8
116,119,211623,#f89840
117,118,211624,#f89840
118,118,211625,#1840f8
119,118,211626,#f89840
119,117,211627,#1840f8
120,117,211628,#f89840
120,118,211629,#f89840
118,117,211630,#1840f8
119,116,211631,#f89840
118,116,211632,#f89840
117,116,211633,#f89840
119,115,211634,#f89840
120,115,211635,#f89840
120,114,211636,#f89840
117,117,211637,#f89840
120,116,211638,#f89840
121,114,211639,#f89840
121,113,211640,#f89840
122,112,211641,#f89840
121,112,211642,#f89840
122,113,211643,#f89840
122,114,211644,#f89840
123,114,211645,#f89840
122,115,211646,#f89840
122,116,211647,#f89840
121,116,211648,#f89840
121,117,211649,#f89840
121,115,211650,#f89840
121,118,211651,#f89840
121,119,211652,#f89840
122,117,211653,#f89840
123,116,211654,#f89840
123,115,211655,#f89840
124,114,211656,#f89840
123,113,211657,#f89840
133,100,211658,#282828
133,101,211659,#282828
133,102,211660,#282828
134,103,211661,#282828
134,104,211662,#282828
134,100,211663,#282828
135,100,211664,#505050
135,99,211665,#282828
136,99,211666,#282828
137,99,211667,#282828
138,99,211668,#282828
138,100,211669,#282828
138,101,211670,#282828
138,102,211671,#282828
138,103,211672,#282828
138,104,211673,#282828
137,104,211674,#282828
137,105,211675,#282828
138,105,211676,#282828
135,104,211677,#282828
135,103,211678,#282828
134,102,211679,#505050
135,102,211680,#505050
135,101,211681,#a0a0a0
136,100,211682,#505050
134,101,211683,#a0a0a0
137,102,211684,#fb9043
137,100,211685,#fb9043
137,101,211686,#f8c880
137,103,211687,#f8c880
136,102,211688,#f8c880
136,104,211689,#f8c880
136,101,211690,#f8ebce
136,103,211691,#f8ebce
109,107,211692,#1840f8
108,107,211693,#1840f8
107,107,211694,#1840f8
107,108,211695,#1840f8
106,108,211696,#1840f8
106,109,211697,#1840f8
106,110,211698,#1840f8
106,111,211699,#1840f8
107,111,211700,#1840f8
108,110,211701,#1840f8
115,112,211702,#1840f8
116,111,211703,#a8e8f8
117,111,211704,#1840f8
117,110,211705,#3bc6f8
118,110,211706,#1840f8
118,109,211707,#1840f8
119,108,211708,#1840f8
119,107,211709,#1840f8
119,106,211710,#1840f8
120,106,211711,#1840f8
120,105,211712,#1840f8
115,110,211713,#1840f8
116,110,211714,#3bc6f8
117,109,211715,#1840f8
112,103,211716,#a8e8f8
112,102,211717,#1840f8
111,102,211718,#a8e8f8
111,101,211719,#1840f8
110,101,211720,#3bc6f8
110,102,211721,#3bc6f8
110,103,211722,#1840f8
111,103,211723,#a8e8f8
111,104,211724,#1840f8
113,103,211725,#1840f8
108,100,211726,#1840f8
109,100,211727,#1840f8
110,100,211728,#1840f8
98,116,211729,#1840f8
98,115,211730,#3bc6f8
97,115,211731,#1840f8
97,114,211732,#3bc6f8
97,113,211733,#a8e8f8
96,113,211734,#1840f8
96,112,211735,#1840f8
96,111,211736,#1840f8
96,110,211737,#1840f8
96,109,211738,#1840f8
96,108,211739,#1840f8
96,107,211740,#1840f8
96,106,211741,#1840f8
96,105,211742,#1840f8
96,104,211743,#1840f8
97,104,211744,#1840f8
97,103,211745,#1840f8
97,102,211746,#1840f8
97,101,211747,#1840f8
98,100,211748,#3bc6f8
98,99,211749,#3bc6f8
98,98,211750,#1840f8
99,98,211751,#1840f8
100,98,211752,#1840f8
100,99,211753,#1840f8
99,99,211754,#1840f8
99,100,211755,#1840f8
99,101,211756,#1840f8
99,102,211757,#1840f8
99,103,211758,#1840f8
99,104,211759,#1840f8
99,105,211760,#1840f8
99,106,211761,#1840f8
98,106,211762,#1840f8
98,107,211763,#1840f8
98,108,211764,#1840f8
98,109,211765,#1840f8
98,110,211766,#1840f8
98,111,211767,#1840f8
98,112,211768,#1840f8
98,113,211769,#a8e8f8
98,114,211770,#a8e8f8
99,114,211771,#1840f8
99,115,211772,#1840f8
99,116,211773,#1840f8
100,116,211774,#1840f8
100,117,211775,#1840f8
104,90,211776,#1840f8
104,89,211777,#1840f8
105,89,211778,#a8e8f8
105,88,211779,#1840f8
106,88,211780,#1840f8
106,87,211781,#1840f8
107,87,211782,#1840f8
107,86,211783,#1840f8
108,86,211784,#1840f8
109,86,211785,#1840f8
109,85,211786,#1840f8
110,85,211787,#1840f8
111,85,211788,#1840f8
112,85,211789,#1840f8
113,85,211790,#1840f8
114,85,211791,#1840f8
115,85,211792,#1840f8
116,85,211793,#1840f8
117,86,211794,#1840f8
118,86,211795,#1840f8
118,87,211796,#3bc6f8
119,87,211797,#1840f8
120,88,211798,#1840f8
120,89,211799,#3bc6f8
120,90,211800,#3bc6f8
121,90,211801,#1840f8
121,91,211802,#1840f8
121,92,211803,#1840f8
121,93,211804,#1840f8
105,91,211805,#1840f8
106,91,211806,#1840f8
107,91,211807,#1840f8
107,90,211808,#a8e8f8
108,90,211809,#1840f8
108,89,211810,#a8e8f8
109,89,211811,#1840f8
109,88,211812,#a8e8f8
110,88,211813,#a8e8f8
111,88,211814,#1840f8
111,87,211815,#a8e8f8
112,87,211816,#a8e8f8
113,87,211817,#a8e8f8
114,87,211818,#a8e8f8
115,88,211819,#1840f8
116,88,211820,#a8e8f8
117,88,211821,#a8e8f8
117,89,211822,#1840f8
118,89,211823,#1840f8
119,90,211824,#1840f8
120,91,211825,#1840f8
121,94,211826,#1840f8
121,95,211827,#1840f8
105,90,211828,#a8e8f8
106,89,211829,#a8e8f8
107,89,211830,#a8e8f8
107,88,211831,#3bc6f8
108,88,211832,#a8e8f8
108,87,211833,#3bc6f8
109,87,211834,#3bc6f8
110,87,211835,#a8e8f8
110,86,211836,#3bc6f8
111,86,211837,#3bc6f8
112,86,211838,#3bc6f8
113,86,211839,#3bc6f8
114,86,211840,#3bc6f8
115,86,211841,#3bc6f8
116,86,211842,#3bc6f8
116,87,211843,#a8e8f8
117,87,211844,#3bc6f8
118,88,211845,#a8e8f8
119,88,211846,#3bc6f8
106,90,211847,#a8e8f8
115,87,211848,#a8e8f8
119,89,211849,#a8e8f8
121,89,211850,#1840f8
112,88,211851,#1840f8
113,88,211852,#1840f8
114,88,211853,#1840f8
98,101,211854,#3bc6f8
98,102,211855,#a8e8f8
98,103,211856,#a8e8f8
98,104,211857,#a8e8f8
98,105,211858,#3bc6f8
97,105,211859,#a8e8f8
97,106,211860,#a8e8f8
97,107,211861,#a8e8f8
97,108,211862,#a8e8f8
97,109,211863,#a8e8f8
97,110,211864,#a8e8f8
97,111,211865,#a8e8f8
97,112,211866,#a8e8f8
109,108,211867,#3bc6f8
108,108,211868,#3bc6f8
108,109,211869,#a8e8f8
107,109,211870,#3bc6f8
107,110,211871,#3bc6f8
115,111,211872,#a8e8f8
116,109,211873,#1840f8
116,112,211874,#1840f8
109,102,211875,#1840f8
109,101,211876,#1840f8
96,114,211877,#1840f8
97,100,211878,#1840f8
97,99,211879,#1840f8
115,93,211880,#1840f8
116,94,211881,#1840f8
116,95,211882,#1840f8
117,95,211883,#1840f8
117,96,211884,#1840f8
117,97,211885,#1840f8
117,98,211886,#1840f8
103,97,211887,#1840f8
103,96,211888,#1840f8
104,96,211889,#1840f8
105,96,211890,#1840f8
106,96,211891,#1840f8
101,110,211892,#1840f8
101,111,211893,#1840f8
101,112,211894,#1840f8
102,112,211895,#3bc6f8
102,113,211896,#1840f8
102,114,211897,#1840f8
103,114,211898,#1840f8
125,99,211899,#1840f8
125,100,211900,#1840f8
125,101,211901,#1840f8
125,102,211902,#1840f8
124,103,211903,#1840f8
124,100,211904,#a8e8f8
124,101,211905,#3bc6f8
124,102,211906,#3bc6f8
104,97,211907,#3bc6f8
105,97,211908,#a8e8f8
106,97,211909,#a8e8f8
102,111,211910,#3bc6f8
103,112,211911,#a8e8f8
103,113,211912,#3bc6f8
116,97,211913,#a8e8f8
115,95,211914,#a8e8f8
114,94,211915,#3bc6f8
115,94,211916,#3bc6f8
116,96,211917,#3bc6f8
115,96,211918,#a8e8f8
123,101,211919,#a8e8f8
124,99,211920,#a8e8f8
124,98,211921,#a8e8f8
103,111,211922,#a8e8f8
104,112,211923,#a8e8f8
114,93,211924,#1840f8
112,93,211925,#1840f8
113,93,211926,#1840f8
