138,131,455365,#000000
137,131,455366,#000000
136,131,455367,#000000
138,132,455368,#000000
138,133,455369,#000000
138,134,455370,#000000
138,135,455371,#000000
138,136,455372,#000000
138,137,455373,#000000
138,138,455374,#000000
138,139,455375,#000000
138,140,455376,#000000
138,141,455377,#000000
138,142,455378,#000000
138,143,455379,#000000
137,143,455380,#000000
136,143,455381,#000000
135,142,455382,#000000
135,141,455383,#000000
134,140,455384,#000000
134,139,455385,#000000
133,138,455386,#000000
133,137,455387,#000000
132,137,455388,#000000
132,136,455389,#282828
131,137,455390,#000000
130,137,455391,#000000
129,137,455392,#000000
128,137,455393,#000000
135,131,455394,#000000
134,131,455395,#000000
133,131,455396,#000000
133,130,455397,#000000
132,130,455398,#000000
131,130,455399,#000000
130,130,455400,#000000
129,130,455401,#000000
128,130,455402,#000000
133,132,455403,#000000
127,130,455404,#000000
127,138,455405,#000000
126,138,455406,#000000
125,138,455407,#000000
124,138,455408,#000000
123,138,455409,#000000
122,138,455410,#000000
121,137,455411,#000000
120,136,455412,#000000
126,131,455413,#000000
125,131,455414,#000000
124,131,455415,#000000
124,130,455416,#000000
123,129,455417,#000000
123,128,455418,#000000
122,127,455419,#000000
122,126,455420,#000000
121,125,455421,#000000
121,124,455422,#000000
121,123,455423,#000000
121,122,455424,#000000
120,124,455425,#000000
122,122,455426,#000000
122,121,455427,#000000
123,120,455428,#000000
123,119,455429,#000000
124,118,455430,#000000
125,117,455431,#000000
125,116,455432,#000000
126,115,455433,#000000
127,114,455434,#000000
128,113,455435,#000000
129,112,455436,#000000
130,111,455437,#000000
131,110,455438,#000000
132,110,455439,#000000
133,109,455440,#000000
133,108,455441,#000000
134,107,455442,#000000
134,106,455443,#000000
134,105,455444,#000000
135,105,455445,#000000
136,105,455446,#000000
137,106,455447,#000000
138,106,455448,#000000
139,105,455449,#000000
139,104,455450,#000000
139,103,455451,#000000
139,102,455452,#000000
139,101,455453,#000000
139,100,455454,#000000
139,99,455455,#000000
138,98,455456,#000000
137,98,455457,#000000
136,98,455458,#000000
135,98,455459,#000000
134,99,455460,#000000
133,99,455461,#000000
132,99,455462,#000000
132,100,455463,#000000
131,100,455464,#000000
130,101,455465,#000000
129,102,455466,#000000
128,103,455467,#000000
127,104,455468,#000000
126,105,455469,#000000
125,106,455470,#000000
124,107,455471,#000000
123,108,455472,#000000
122,109,455473,#000000
121,110,455474,#000000
120,111,455475,#000000
119,112,455476,#000000
118,113,455477,#000000
117,114,455478,#1840f8
116,114,455479,#3bc6f8
115,115,455480,#a8e8f8
114,116,455481,#a8e8f8
113,116,455482,#a8e8f8
112,116,455483,#a8e8f8
113,115,455484,#000000
113,114,455485,#000000
113,113,455486,#000000
112,113,455487,#000000
114,112,455488,#000000
114,111,455489,#000000
114,110,455490,#000000
115,109,455491,#000000
115,108,455492,#000000
115,107,455493,#1840f8
115,106,455494,#1840f8
115,105,455495,#1840f8
114,105,455496,#1840f8
113,104,455497,#3bc6f8
112,104,455498,#3bc6f8
111,105,455499,#3bc6f8
110,106,455500,#a8e8f8
110,107,455501,#a8e8f8
110,108,455502,#3bc6f8
109,109,455503,#3bc6f8
109,110,455504,#3bc6f8
109,111,455505,#1840f8
108,111,455506,#3bc6f8
108,112,455507,#1840f8
108,113,455508,#3bc6f8
107,114,455509,#a8e8f8
106,115,455510,#a8e8f8
105,116,455511,#a8e8f8
104,117,455512,#a8e8f8
103,118,455513,#1840f8
102,119,455514,#000000
111,113,455515,#000000
110,112,455516,#1840f8
109,112,455517,#3bc6f8
101,120,455518,#000000
100,121,455519,#000000
99,122,455520,#000000
98,123,455521,#000000
97,124,455522,#000000
97,125,455523,#000000
96,126,455524,#000000
96,127,455525,#000000
103,127,455526,#000000
103,126,455527,#000000
95,129,455528,#000000
95,128,455529,#000000
94,130,455530,#000000
93,130,455531,#000000
93,131,455532,#000000
93,132,455533,#000000
93,133,455534,#000000
94,133,455535,#000000
95,134,455536,#000000
92,131,455537,#000000
91,131,455538,#000000
91,130,455539,#000000
91,129,455540,#000000
90,130,455541,#000000
89,131,455542,#000000
88,131,455543,#000000
88,132,455544,#000000
88,133,455545,#000000
88,134,455546,#000000
112,117,455547,#a8e8f8
111,117,455548,#000000
112,118,455549,#000000
112,119,455550,#000000
110,118,455551,#000000
109,119,455552,#000000
108,119,455553,#000000
107,120,455554,#000000
106,121,455555,#000000
105,122,455556,#000000
105,123,455557,#000000
104,124,455558,#000000
104,125,455559,#000000
113,120,455560,#000000
113,121,455561,#000000
113,122,455562,#000000
114,123,455563,#000000
114,124,455564,#000000
114,125,455565,#000000
114,126,455566,#000000
114,127,455567,#000000
115,127,455568,#000000
116,127,455569,#000000
117,126,455570,#000000
118,126,455571,#000000
119,126,455572,#000000
119,125,455573,#000000
119,127,455574,#000000
114,128,455575,#000000
114,129,455576,#000000
114,130,455577,#000000
115,131,455578,#000000
116,132,455579,#000000
117,133,455580,#000000
118,134,455581,#000000
119,135,455582,#000000
113,131,455583,#000000
112,132,455584,#000000
111,133,455585,#000000
111,134,455586,#000000
111,135,455587,#000000
111,132,455588,#000000
110,132,455589,#000000
110,133,455590,#000000
109,133,455591,#000000
108,133,455592,#000000
107,134,455593,#000000
106,135,455594,#000000
104,136,455595,#000000
105,136,455596,#000000
106,136,455597,#000000
107,136,455598,#000000
106,137,455599,#000000
106,138,455600,#000000
108,136,455601,#000000
107,137,455602,#000000
107,138,455603,#000000
105,138,455604,#000000
105,139,455605,#000000
105,140,455606,#000000
105,141,455607,#000000
106,141,455608,#000000
106,142,455609,#000000
106,143,455610,#000000
107,141,455611,#000000
108,139,455612,#000000
108,140,455613,#000000
110,136,455614,#000000
111,136,455615,#000000
111,137,455616,#000000
110,135,455617,#000000
109,135,455618,#000000
112,135,455619,#000000
112,136,455620,#000000
112,137,455621,#000000
113,138,455622,#000000
113,139,455623,#000000
113,140,455624,#000000
112,141,455625,#000000
112,142,455626,#000000
111,143,455627,#000000
110,143,455628,#000000
107,144,455629,#000000
108,144,455630,#000000
109,144,455631,#000000
103,137,455632,#000000
102,137,455633,#000000
101,137,455634,#000000
100,138,455635,#000000
99,138,455636,#000000
95,130,455637,#000000
96,131,455638,#000000
97,132,455639,#000000
98,132,455640,#000000
99,133,455641,#000000
100,134,455642,#000000
101,135,455643,#000000
101,136,455644,#000000
99,137,455645,#000000
98,136,455646,#000000
97,135,455647,#000000
96,135,455648,#000000
98,139,455649,#000000
98,140,455650,#000000
97,138,455651,#000000
99,141,455652,#000000
99,142,455653,#000000
99,143,455654,#000000
99,144,455655,#000000
98,145,455656,#000000
97,145,455657,#000000
96,146,455658,#000000
95,147,455659,#000000
94,147,455660,#000000
93,147,455661,#000000
92,146,455662,#000000
91,146,455663,#000000
90,146,455664,#000000
89,144,455665,#000000
89,145,455666,#000000
89,146,455667,#000000
89,147,455668,#000000
89,148,455669,#000000
89,149,455670,#000000
88,148,455671,#000000
88,146,455672,#000000
87,147,455673,#000000
86,147,455674,#000000
86,145,455675,#000000
85,146,455676,#000000
83,148,455677,#000000
83,149,455678,#000000
82,147,455679,#000000
82,146,455680,#000000
81,145,455681,#000000
80,145,455682,#000000
79,145,455683,#000000
78,145,455684,#000000
79,144,455685,#000000
80,143,455686,#000000
80,142,455687,#000000
79,142,455688,#000000
78,142,455689,#000000
77,142,455690,#000000
76,142,455691,#000000
77,141,455692,#000000
78,140,455693,#000000
79,139,455694,#000000
78,138,455695,#000000
77,137,455696,#000000
76,136,455697,#000000
77,136,455698,#000000
78,136,455699,#000000
79,136,455700,#000000
80,136,455701,#000000
81,136,455702,#000000
81,135,455703,#000000
80,135,455704,#000000
80,134,455705,#000000
80,133,455706,#000000
79,132,455707,#000000
79,131,455708,#000000
79,130,455709,#000000
80,131,455710,#000000
81,131,455711,#000000
82,132,455712,#000000
83,132,455713,#000000
83,131,455714,#000000
84,130,455715,#000000
85,129,455716,#000000
85,128,455717,#000000
86,130,455718,#000000
86,131,455719,#000000
87,131,455720,#000000
87,132,455721,#000000
87,133,455722,#000000
87,134,455723,#000000
88,136,455724,#000000
87,137,455725,#000000
87,138,455726,#000000
86,139,455727,#000000
88,138,455728,#000000
89,139,455729,#000000
90,138,455730,#000000
89,140,455731,#000000
89,141,455732,#000000
89,142,455733,#000000
89,143,455734,#000000
88,140,455735,#000000
88,141,455736,#000000
86,138,455737,#000000
87,141,455738,#000000
86,142,455739,#000000
90,143,455740,#000000
90,142,455741,#000000
91,141,455742,#000000
91,144,455743,#000000
89,134,455744,#d09018
90,134,455745,#d09018
91,134,455746,#d09018
92,134,455747,#d09018
93,134,455748,#d09018
94,134,455749,#d09018
90,133,455750,#d09018
91,133,455751,#d09018
92,133,455752,#d09018
89,133,455753,#d09018
90,132,455754,#d09018
91,132,455755,#d09018
92,132,455756,#d09018
89,132,455757,#d09018
90,131,455758,#d09018
85,131,455759,#d09018
85,132,455760,#d09018
85,133,455761,#d09018
85,130,455762,#d09018
85,134,455763,#d09018
86,133,455764,#d09018
84,133,455765,#d09018
84,132,455766,#d09018
84,131,455767,#d09018
86,132,455768,#d09018
83,133,455769,#d09018
81,132,455770,#d09018
80,132,455771,#d09018
81,134,455772,#d09018
82,135,455773,#d09018
82,136,455774,#d09018
82,137,455775,#d09018
81,137,455776,#d09018
80,137,455777,#d09018
79,137,455778,#d09018
78,137,455779,#d09018
79,138,455780,#d09018
80,139,455781,#d09018
81,140,455782,#d09018
80,140,455783,#d09018
80,141,455784,#d09018
79,141,455785,#d09018
79,140,455786,#d09018
78,141,455787,#d09018
81,142,455788,#d09018
80,144,455789,#d09018
81,144,455790,#d09018
82,144,455791,#d09018
82,145,455792,#d09018
83,146,455793,#d09018
83,147,455794,#d09018
84,147,455795,#000000
84,146,455796,#d09018
84,145,455797,#d09018
87,146,455798,#d09018
88,147,455799,#d09018
85,139,455800,#d09018
86,137,455801,#d09018
87,136,455802,#d09018
90,135,455803,#d09018
90,136,455804,#d09018
90,137,455805,#d09018
91,138,455806,#d09018
92,138,455807,#d09018
93,138,455808,#d09018
90,144,455809,#d09018
81,133,455810,#f8e048
82,133,455811,#f8e048
82,134,455812,#f8e048
83,134,455813,#f8e048
84,134,455814,#f8e048
84,135,455815,#f8e048
83,135,455816,#f8e048
85,135,455817,#f8e048
86,135,455818,#f8e048
87,135,455819,#f8e048
88,135,455820,#f8e048
89,135,455821,#f8e048
86,134,455822,#f8e048
86,136,455823,#f8e048
85,136,455824,#f8e048
84,136,455825,#f8e048
83,136,455826,#f8e048
83,137,455827,#f8e048
84,137,455828,#f8e048
85,137,455829,#f8e048
85,138,455830,#f8e048
84,138,455831,#f8e048
83,138,455832,#f8e048
82,138,455833,#f8e048
81,138,455834,#f8e048
80,138,455835,#f8e048
81,139,455836,#f8e048
82,139,455837,#f8e048
83,139,455838,#f8e048
84,139,455839,#f8e048
82,140,455840,#f8e048
82,141,455841,#f8e048
81,141,455842,#f8e048
83,141,455843,#f8e048
84,141,455844,#f8e048
84,140,455845,#f8e048
83,140,455846,#f8e048
85,140,455847,#f8e048
86,140,455848,#f8e048
85,141,455849,#f8e048
86,141,455850,#f8e048
87,140,455851,#f8e048
87,139,455852,#f8e048
88,139,455853,#f8e048
83,142,455854,#f8e048
82,142,455855,#f8e048
84,142,455856,#f8e048
85,142,455857,#f8e048
85,143,455858,#f8e048
84,143,455859,#f8e048
83,143,455860,#f8e048
82,143,455861,#f8e048
81,143,455862,#f8e048
83,144,455863,#f8e048
83,145,455864,#f8e048
84,144,455865,#f8e048
85,144,455866,#f8e048
86,144,455867,#f8e048
87,144,455868,#f8e048
87,143,455869,#f8e048
86,143,455870,#f8e048
88,143,455871,#f8e048
88,142,455872,#f8e048
87,142,455873,#f8e048
88,144,455874,#f8e048
88,145,455875,#f8e048
87,145,455876,#f8e048
86,146,455877,#f8e048
85,145,455878,#f8e048
88,137,455879,#f8e048
89,137,455880,#f8e048
89,136,455881,#f8e048
89,138,455882,#f8e048
91,143,455883,#3bc6f8
92,143,455884,#3bc6f8
92,144,455885,#3bc6f8
93,146,455886,#ffffff
91,142,455887,#ffffff
92,142,455888,#ffffff
92,140,455889,#f8ebce
96,145,455890,#f8ebce
96,144,455891,#f8ebce
91,135,455892,#fb9043
92,135,455893,#fb9043
93,135,455894,#fb9043
94,135,455895,#fb9043
95,135,455896,#fb9043
97,136,455897,#fb9043
97,137,455898,#fb9043
96,136,455899,#fb9043
96,137,455900,#fb9043
98,137,455901,#fb9043
98,138,455902,#fb9043
96,138,455903,#fb9043
96,139,455904,#fb9043
97,139,455905,#fb9043
97,140,455906,#fb9043
97,141,455907,#fb9043
98,141,455908,#fb9043
98,142,455909,#fb9043
95,136,455910,#fb9043
94,137,455911,#fb9043
93,137,455912,#fb9043
92,137,455913,#fb9043
91,137,455914,#fb9043
95,138,455915,#fb9043
95,139,455916,#fb9043
94,140,455917,#fb9043
94,141,455918,#fb9043
90,139,455919,#fb9043
90,140,455920,#fb9043
90,145,455921,#fb9043
92,145,455922,#fb9043
95,145,455923,#fb9043
95,144,455924,#fb9043
94,136,455925,#f8c880
93,136,455926,#f8c880
95,137,455927,#f8c880
94,138,455928,#f8c880
94,139,455929,#f8c880
95,140,455930,#f8c880
96,140,455931,#f8c880
96,141,455932,#f8c880
96,142,455933,#f8c880
96,143,455934,#f8c880
97,142,455935,#f8c880
97,143,455936,#f8c880
97,144,455937,#f8c880
98,143,455938,#f8c880
98,144,455939,#f8c880
95,146,455940,#f8c880
90,141,455941,#f8c880
91,136,455942,#f8ebce
92,136,455943,#f8ebce
91,139,455944,#fb9043
93,142,455945,#f8ebce
94,142,455946,#f8ebce
95,142,455947,#f8ebce
95,143,455948,#f8ebce
94,143,455949,#f8ebce
93,143,455950,#f8ebce
95,141,455951,#f8ebce
93,144,455952,#f8ebce
94,144,455953,#f8ebce
94,145,455954,#f8ebce
93,145,455955,#f8ebce
94,146,455956,#f8ebce
92,141,455957,#f8ebce
93,141,455958,#f8ebce
93,140,455959,#f8ebce
93,139,455960,#fb9043
91,140,455961,#f8ebce
92,139,455962,#fb9043
95,131,455963,#282828
94,131,455964,#282828
94,132,455965,#282828
95,132,455966,#282828
96,132,455967,#282828
96,133,455968,#282828
97,133,455969,#282828
95,133,455970,#282828
96,134,455971,#282828
97,134,455972,#282828
98,134,455973,#282828
98,135,455974,#282828
99,135,455975,#282828
99,136,455976,#282828
100,136,455977,#282828
100,137,455978,#282828
100,135,455979,#282828
99,134,455980,#282828
98,133,455981,#282828
97,128,455982,#282828
98,128,455983,#282828
98,129,455984,#282828
98,130,455985,#282828
99,130,455986,#282828
99,131,455987,#282828
100,131,455988,#282828
100,132,455989,#282828
101,132,455990,#282828
101,133,455991,#282828
102,133,455992,#282828
103,133,455993,#282828
103,134,455994,#282828
103,135,455995,#282828
103,136,455996,#282828
102,136,455997,#282828
102,135,455998,#282828
102,134,455999,#282828
101,134,456000,#282828
100,133,456001,#282828
99,132,456002,#282828
98,131,456003,#282828
97,131,456004,#282828
97,130,456005,#282828
97,129,456006,#282828
96,129,456007,#282828
96,128,456008,#282828
96,130,456009,#282828
104,135,456010,#282828
105,134,456011,#282828
104,134,456012,#282828
105,135,456013,#282828
107,135,456014,#282828
108,135,456015,#282828
108,134,456016,#282828
109,134,456017,#282828
110,134,456018,#282828
103,128,456019,#282828
102,128,456020,#282828
102,127,456021,#282828
102,126,456022,#282828
102,125,456023,#282828
102,124,456024,#282828
103,124,456025,#282828
103,125,456026,#282828
101,126,456027,#282828
101,125,456028,#282828
101,124,456029,#282828
102,123,456030,#282828
103,123,456031,#282828
104,123,456032,#282828
104,122,456033,#282828
103,122,456034,#282828
103,121,456035,#282828
103,120,456036,#282828
103,119,456037,#282828
104,118,456038,#1840f8
105,118,456039,#1840f8
105,117,456040,#a8e8f8
106,116,456041,#a8e8f8
107,115,456042,#a8e8f8
108,114,456043,#3bc6f8
109,113,456044,#3bc6f8
110,113,456045,#1840f8
111,114,456046,#282828
112,114,456047,#282828
112,115,456048,#282828
111,116,456049,#282828
110,116,456050,#282828
110,117,456051,#282828
109,118,456052,#282828
107,119,456053,#282828
106,120,456054,#282828
105,121,456055,#282828
110,120,456056,#282828
111,120,456057,#282828
111,121,456058,#282828
111,122,456059,#282828
111,123,456060,#282828
112,123,456061,#282828
112,124,456062,#282828
112,125,456063,#282828
112,126,456064,#282828
112,127,456065,#282828
112,128,456066,#282828
112,129,456067,#282828
112,130,456068,#282828
112,131,456069,#282828
113,130,456070,#282828
113,129,456071,#282828
113,128,456072,#282828
113,127,456073,#282828
113,126,456074,#282828
113,125,456075,#282828
113,124,456076,#282828
113,123,456077,#282828
112,122,456078,#282828
112,121,456079,#282828
112,120,456080,#282828
111,119,456081,#282828
110,119,456082,#282828
111,118,456083,#282828
111,128,456084,#282828
110,128,456085,#282828
109,128,456086,#282828
110,127,456087,#282828
111,127,456088,#282828
111,126,456089,#282828
109,127,456090,#282828
110,126,456091,#282828
111,125,456092,#282828
111,124,456093,#282828
111,129,456094,#282828
111,130,456095,#282828
111,131,456096,#282828
108,128,456097,#282828
108,129,456098,#282828
107,129,456099,#505050
107,130,456100,#505050
100,130,456101,#505050
100,129,456102,#505050
100,128,456103,#505050
101,128,456104,#505050
99,128,456105,#505050
100,127,456106,#505050
99,129,456107,#505050
101,127,456108,#505050
99,127,456109,#505050
98,127,456110,#505050
97,127,456111,#505050
97,126,456112,#505050
98,126,456113,#505050
99,126,456114,#505050
100,126,456115,#505050
99,125,456116,#505050
98,125,456117,#505050
99,124,456118,#505050
100,124,456119,#505050
100,125,456120,#505050
98,124,456121,#505050
99,123,456122,#505050
100,123,456123,#505050
101,123,456124,#505050
101,122,456125,#505050
100,122,456126,#505050
101,121,456127,#505050
102,120,456128,#505050
102,121,456129,#505050
102,122,456130,#505050
104,120,456131,#505050
105,119,456132,#505050
104,119,456133,#505050
104,121,456134,#505050
105,120,456135,#505050
106,119,456136,#505050
106,118,456137,#1840f8
106,117,456138,#3bc6f8
107,117,456139,#1840f8
107,118,456140,#1840f8
108,118,456141,#505050
108,117,456142,#1840f8
107,116,456143,#3bc6f8
108,116,456144,#1840f8
109,117,456145,#505050
109,116,456146,#505050
108,115,456147,#3bc6f8
109,115,456148,#1840f8
110,115,456149,#505050
110,114,456150,#1840f8
109,114,456151,#1840f8
111,115,456152,#505050
101,130,456153,#505050
101,131,456154,#505050
102,131,456155,#505050
103,131,456156,#505050
103,132,456157,#505050
102,132,456158,#505050
104,132,456159,#505050
104,131,456160,#505050
102,130,456161,#505050
101,129,456162,#505050
102,129,456163,#505050
103,130,456164,#505050
104,130,456165,#505050
103,129,456166,#505050
104,129,456167,#505050
105,130,456168,#505050
105,131,456169,#505050
104,133,456170,#505050
105,133,456171,#505050
105,132,456172,#505050
106,132,456173,#505050
106,131,456174,#505050
107,131,456175,#505050
106,130,456176,#505050
106,129,456177,#505050
105,129,456178,#505050
104,126,456179,#e84000
105,126,456180,#e84000
106,126,456181,#e84000
107,126,456182,#e84000
107,127,456183,#e84000
108,127,456184,#e84000
106,125,456185,#e84000
105,125,456186,#e84000
107,125,456187,#e84000
106,124,456188,#e84000
105,124,456189,#e84000
106,123,456190,#e84000
107,123,456191,#e84000
107,122,456192,#e84000
107,121,456193,#e84000
106,122,456194,#e84000
108,121,456195,#e84000
108,120,456196,#e84000
109,120,456197,#e84000
109,121,456198,#e84000
109,122,456199,#e84000
108,122,456200,#e84000
108,123,456201,#e84000
107,124,456202,#e84000
110,121,456203,#e84000
110,122,456204,#e84000
110,123,456205,#e84000
110,124,456206,#e84000
110,125,456207,#e84000
109,125,456208,#e84000
108,125,456209,#e84000
108,126,456210,#e84000
109,126,456211,#e84000
108,124,456212,#e84000
109,124,456213,#e84000
109,123,456214,#e84000
106,134,456215,#e84000
106,133,456216,#e84000
108,132,456217,#e84000
108,131,456218,#e84000
108,130,456219,#e84000
109,130,456220,#e84000
109,129,456221,#e84000
110,129,456222,#e84000
110,130,456223,#e84000
109,131,456224,#e84000
109,132,456225,#e84000
110,131,456226,#e84000
104,127,456227,#f89840
105,127,456228,#f89840
106,127,456229,#f89840
106,128,456230,#f89840
105,128,456231,#f89840
107,128,456232,#f89840
104,128,456233,#f89840
107,132,456234,#f89840
107,133,456235,#f89840
108,137,456236,#fb9043
109,137,456237,#fb9043
110,137,456238,#fb9043
109,136,456239,#fb9043
111,138,456240,#fb9043
112,138,456241,#fb9043
112,139,456242,#fb9043
112,140,456243,#fb9043
111,140,456244,#fb9043
111,141,456245,#fb9043
110,141,456246,#f8c880
110,142,456247,#fb9043
111,142,456248,#fb9043
108,138,456249,#f8c880
109,138,456250,#f8c880
110,138,456251,#f8c880
110,139,456252,#f8c880
111,139,456253,#f8c880
110,140,456254,#f8c880
109,141,456255,#f8c880
109,142,456256,#f8c880
109,143,456257,#f8c880
108,143,456258,#f8c880
107,143,456259,#f8c880
107,142,456260,#f8ebce
108,142,456261,#f8ebce
108,141,456262,#f8ebce
109,140,456263,#f8ebce
109,139,456264,#f8ebce
106,139,456265,#f8ebce
106,140,456266,#f8ebce
107,140,456267,#f8ebce
107,139,456268,#f8ebce
113,112,456269,#fb9043
113,111,456270,#fb9043
113,110,456271,#fb9043
113,109,456272,#1840f8
114,109,456273,#fb9043
114,108,456274,#1840f8
114,107,456275,#1840f8
114,106,456276,#1840f8
113,106,456277,#3bc6f8
113,105,456278,#3bc6f8
112,112,456279,#fb9043
111,112,456280,#fb9043
111,111,456281,#1840f8
110,111,456282,#1840f8
110,110,456283,#3bc6f8
111,110,456284,#1840f8
112,111,456285,#f8c880
112,110,456286,#1840f8
112,109,456287,#1840f8
113,108,456288,#1840f8
113,107,456289,#3bc6f8
112,106,456290,#3bc6f8
112,105,456291,#3bc6f8
110,109,456292,#3bc6f8
111,109,456293,#3bc6f8
111,108,456294,#3bc6f8
111,107,456295,#3bc6f8
112,107,456296,#3bc6f8
111,106,456297,#3bc6f8
112,108,456298,#3bc6f8
132,135,456299,#282828
133,134,456300,#282828
133,133,456301,#282828
132,134,456302,#282828
115,129,456303,#e84000
116,128,456304,#e84000
115,128,456305,#e84000
115,130,456306,#e84000
116,130,456307,#e84000
116,129,456308,#e84000
117,129,456309,#e84000
117,128,456310,#e84000
117,127,456311,#e84000
118,127,456312,#e84000
118,128,456313,#e84000
118,129,456314,#e84000
117,130,456315,#e84000
117,131,456316,#e84000
116,131,456317,#e84000
117,132,456318,#e84000
118,132,456319,#e84000
118,133,456320,#e84000
119,133,456321,#e84000
119,134,456322,#e84000
120,134,456323,#e84000
120,135,456324,#e84000
121,135,456325,#e84000
122,135,456326,#e84000
122,136,456327,#e84000
121,136,456328,#e84000
122,137,456329,#e84000
123,137,456330,#e84000
124,137,456331,#e84000
125,137,456332,#e84000
126,137,456333,#e84000
127,137,456334,#e84000
127,136,456335,#e84000
126,136,456336,#e84000
125,136,456337,#e84000
124,136,456338,#e84000
123,136,456339,#e84000
123,135,456340,#e84000
124,135,456341,#e84000
125,135,456342,#e84000
126,135,456343,#e84000
127,135,456344,#e84000
125,134,456345,#e84000
124,134,456346,#e84000
123,134,456347,#e84000
122,133,456348,#e84000
121,133,456349,#e84000
123,133,456350,#e84000
126,134,456351,#e84000
124,133,456352,#e84000
121,132,456353,#e84000
120,132,456354,#e84000
119,132,456355,#e84000
120,133,456356,#e84000
122,134,456357,#e84000
121,134,456358,#e84000
119,131,456359,#e84000
118,131,456360,#e84000
118,130,456361,#e84000
120,131,456362,#e84000
121,131,456363,#e84000
122,132,456364,#e84000
123,132,456365,#e84000
122,131,456366,#e84000
120,130,456367,#e84000
119,130,456368,#e84000
119,129,456369,#e84000
121,130,456370,#e84000
120,129,456371,#e84000
122,130,456372,#e84000
121,129,456373,#e84000
119,128,456374,#e84000
120,128,456375,#e84000
121,128,456376,#e84000
120,127,456377,#e84000
121,127,456378,#e84000
121,126,456379,#e84000
120,126,456380,#e84000
120,125,456381,#e84000
122,128,456382,#e84000
122,129,456383,#e84000
123,130,456384,#e84000
123,131,456385,#e84000
124,132,456386,#e84000
125,132,456387,#e84000
126,132,456388,#e84000
126,133,456389,#e84000
125,133,456390,#e84000
127,134,456391,#e84000
127,133,456392,#e84000
127,132,456393,#e84000
128,132,456394,#e84000
128,131,456395,#e84000
127,131,456396,#e84000
129,132,456397,#e84000
129,133,456398,#e84000
128,133,456399,#e84000
128,134,456400,#e84000
129,134,456401,#e84000
129,135,456402,#e84000
128,135,456403,#e84000
128,136,456404,#e84000
129,136,456405,#e84000
130,136,456406,#e84000
131,136,456407,#e84000
131,135,456408,#e84000
130,135,456409,#e84000
130,134,456410,#e84000
131,134,456411,#e84000
131,133,456412,#e84000
130,133,456413,#e84000
130,132,456414,#e84000
131,132,456415,#e84000
130,131,456416,#e84000
129,131,456417,#e84000
131,131,456418,#e84000
132,131,456419,#e84000
132,132,456420,#e84000
132,133,456421,#e84000
133,136,456422,#282828
133,135,456423,#a0a0a0
134,135,456424,#a0a0a0
134,134,456425,#a0a0a0
134,133,456426,#282828
134,132,456427,#282828
135,132,456428,#282828
136,132,456429,#282828
136,133,456430,#282828
137,133,456431,#282828
137,132,456432,#282828
137,134,456433,#282828
137,135,456434,#282828
137,136,456435,#282828
137,137,456436,#282828
137,138,456437,#282828
137,139,456438,#282828
137,140,456439,#282828
137,141,456440,#282828
137,142,456441,#282828
134,138,456442,#282828
134,137,456443,#282828
135,137,456444,#282828
136,137,456445,#282828
134,136,456446,#282828
135,136,456447,#282828
136,136,456448,#282828
136,135,456449,#282828
135,134,456450,#505050
136,134,456451,#505050
135,133,456452,#505050
135,135,456453,#505050
135,138,456454,#fb9043
136,138,456455,#fb9043
136,139,456456,#fb9043
136,140,456457,#fb9043
136,141,456458,#f8c880
136,142,456459,#f8c880
135,139,456460,#f8ebce
135,140,456461,#f8ebce
113,118,456462,#3bc6f8
113,117,456463,#3bc6f8
114,117,456464,#3bc6f8
115,117,456465,#1840f8
116,116,456466,#1840f8
115,116,456467,#3bc6f8
116,115,456468,#3bc6f8
117,115,456469,#1840f8
118,115,456470,#e84000
118,114,456471,#e84000
119,114,456472,#e84000
119,113,456473,#e84000
120,113,456474,#e84000
120,112,456475,#e84000
121,111,456476,#e84000
122,110,456477,#e84000
123,110,456478,#e84000
123,109,456479,#e84000
124,109,456480,#e84000
124,108,456481,#e84000
125,108,456482,#e84000
125,107,456483,#e84000
126,107,456484,#e84000
126,106,456485,#e84000
127,106,456486,#e84000
127,105,456487,#e84000
128,105,456488,#e84000
128,104,456489,#e84000
129,104,456490,#e84000
129,103,456491,#e84000
130,103,456492,#e84000
130,102,456493,#e84000
131,102,456494,#e84000
131,101,456495,#e84000
132,101,456496,#e84000
114,119,456497,#1840f8
114,120,456498,#e84000
114,121,456499,#e84000
114,122,456500,#e84000
115,122,456501,#f89840
115,123,456502,#e84000
115,124,456503,#e84000
115,125,456504,#e84000
115,126,456505,#e84000
116,126,456506,#e84000
117,125,456507,#e84000
118,125,456508,#e84000
118,124,456509,#e84000
119,124,456510,#e84000
119,123,456511,#e84000
120,122,456512,#e84000
120,123,456513,#e84000
120,121,456514,#f89840
121,121,456515,#e84000
121,120,456516,#e84000
122,120,456517,#e84000
122,119,456518,#e84000
122,118,456519,#f89840
123,118,456520,#e84000
123,117,456521,#f89840
124,117,456522,#e84000
124,116,456523,#e84000
124,115,456524,#f89840
125,115,456525,#e84000
125,114,456526,#e84000
126,114,456527,#e84000
126,113,456528,#e84000
127,113,456529,#e84000
127,112,456530,#e84000
128,112,456531,#e84000
128,111,456532,#e84000
129,111,456533,#e84000
129,110,456534,#e84000
130,110,456535,#e84000
130,109,456536,#e84000
131,109,456537,#e84000
132,109,456538,#e84000
132,108,456539,#e84000
132,107,456540,#e84000
133,107,456541,#e84000
133,106,456542,#e84000
133,105,456543,#e84000
133,104,456544,#e84000
133,103,456545,#282828
132,103,456546,#e84000
132,102,456547,#e84000
132,104,456548,#e84000
131,104,456549,#e84000
131,105,456550,#e84000
130,105,456551,#e84000
130,106,456552,#e84000
129,106,456553,#e84000
129,107,456554,#e84000
128,107,456555,#e84000
127,108,456556,#e84000
126,108,456557,#e84000
126,109,456558,#e84000
125,109,456559,#e84000
125,110,456560,#e84000
124,110,456561,#e84000
123,111,456562,#e84000
123,112,456563,#e84000
124,112,456564,#e84000
124,113,456565,#e84000
125,113,456566,#e84000
125,112,456567,#e84000
124,111,456568,#e84000
122,111,456569,#e84000
126,112,456570,#e84000
127,111,456571,#e84000
126,111,456572,#e84000
125,111,456573,#e84000
128,110,456574,#e84000
127,110,456575,#e84000
126,110,456576,#e84000
128,109,456577,#e84000
127,109,456578,#e84000
129,108,456579,#e84000
129,109,456580,#e84000
130,108,456581,#e84000
128,108,456582,#e84000
130,107,456583,#e84000
131,107,456584,#e84000
131,108,456585,#e84000
131,106,456586,#e84000
132,106,456587,#e84000
132,105,456588,#e84000
128,106,456589,#e84000
129,105,456590,#e84000
130,104,456591,#e84000
127,107,456592,#e84000
131,103,456593,#e84000
115,118,456594,#1840f8
116,117,456595,#1840f8
116,118,456596,#f89840
114,118,456597,#1840f8
115,119,456598,#f89840
115,120,456599,#f89840
115,121,456600,#f89840
116,122,456601,#f89840
116,123,456602,#f89840
116,124,456603,#f89840
117,124,456604,#f89840
117,123,456605,#f89840
117,122,456606,#f89840
118,122,456607,#f89840
118,123,456608,#f89840
116,125,456609,#f89840
119,122,456610,#f89840
119,121,456611,#f89840
120,120,456612,#f89840
120,119,456613,#f89840
119,120,456614,#f89840
118,121,456615,#f89840
118,120,456616,#f89840
119,119,456617,#f89840
118,119,456618,#f89840
117,119,456619,#f89840
117,120,456620,#f89840
117,121,456621,#f89840
116,121,456622,#f89840
116,120,456623,#f89840
116,119,456624,#f89840
117,118,456625,#f89840
118,118,456626,#f89840
119,118,456627,#f89840
119,117,456628,#f89840
120,117,456629,#f89840
120,118,456630,#f89840
118,117,456631,#f89840
119,116,456632,#f89840
118,116,456633,#f89840
117,116,456634,#f89840
119,115,456635,#f89840
120,115,456636,#f89840
120,114,456637,#f89840
117,117,456638,#f89840
120,116,456639,#f89840
121,114,456640,#f89840
121,113,456641,#f89840
122,112,456642,#f89840
121,112,456643,#f89840
122,113,456644,#f89840
122,114,456645,#f89840
123,114,456646,#f89840
122,115,456647,#f89840
122,116,456648,#f89840
121,116,456649,#f89840
121,117,456650,#f89840
121,115,456651,#f89840
121,118,456652,#f89840
121,119,456653,#f89840
122,117,456654,#f89840
123,116,456655,#f89840
123,115,456656,#f89840
124,114,456657,#f89840
123,113,456658,#f89840
133,100,456659,#282828
133,101,456660,#282828
133,102,456661,#282828
134,103,456662,#282828
134,104,456663,#282828
134,100,456664,#282828
135,100,456665,#505050
135,99,456666,#282828
136,99,456667,#282828
137,99,456668,#282828
138,99,456669,#282828
138,100,456670,#282828
138,101,456671,#282828
138,102,456672,#282828
138,103,456673,#282828
138,104,456674,#282828
137,104,456675,#282828
137,105,456676,#282828
138,105,456677,#282828
135,104,456678,#282828
135,103,456679,#282828
134,102,456680,#505050
135,102,456681,#505050
135,101,456682,#a0a0a0
136,100,456683,#505050
134,101,456684,#a0a0a0
137,102,456685,#fb9043
137,100,456686,#fb9043
137,101,456687,#f8c880
137,103,456688,#f8c880
136,102,456689,#f8c880
136,104,456690,#f8c880
136,101,456691,#f8ebce
136,103,456692,#f8ebce
116,105,456693,#1840f8
116,104,456694,#1840f8
116,103,456695,#1840f8
117,102,456696,#1840f8
117,101,456697,#1840f8
117,100,456698,#1840f8
117,99,456699,#1840f8
114,104,456700,#1840f8
114,103,456701,#1840f8
113,103,456702,#1840f8
113,102,456703,#1840f8
112,101,456704,#1840f8
111,101,456705,#3bc6f8
111,100,456706,#3bc6f8
110,99,456707,#3bc6f8
107,112,456708,#1840f8
106,112,456709,#1840f8
105,112,456710,#1840f8
104,112,456711,#1840f8
104,111,456712,#3bc6f8
103,111,456713,#3bc6f8
102,111,456714,#3bc6f8
102,110,456715,#1840f8
101,110,456716,#1840f8
101,109,456717,#1840f8
100,109,456718,#a8e8f8
100,108,456719,#1840f8
99,108,456720,#1840f8
99,107,456721,#1840f8
98,107,456722,#1840f8
98,106,456723,#1840f8
98,105,456724,#1840f8
98,104,456725,#1840f8
98,103,456726,#1840f8
98,102,456727,#1840f8
98,101,456728,#1840f8
98,100,456729,#1840f8
99,99,456730,#1840f8
99,98,456731,#a8e8f8
109,96,456732,#1840f8
109,97,456733,#1840f8
110,97,456734,#1840f8
110,98,456735,#1840f8
111,98,456736,#1840f8
111,99,456737,#1840f8
112,99,456738,#1840f8
112,100,456739,#1840f8
113,100,456740,#1840f8
113,101,456741,#1840f8
114,102,456742,#1840f8
117,113,456743,#1840f8
117,112,456744,#1840f8
117,111,456745,#1840f8
93,112,456746,#1840f8
94,113,456747,#3bc6f8
94,114,456748,#1840f8
95,114,456749,#a8e8f8
95,115,456750,#1840f8
95,116,456751,#1840f8
96,116,456752,#3bc6f8
96,117,456753,#1840f8
97,117,456754,#3bc6f8
102,112,456755,#1840f8
101,112,456756,#3bc6f8
101,113,456757,#1840f8
100,113,456758,#1840f8
100,114,456759,#1840f8
99,114,456760,#1840f8
99,113,456761,#1840f8
99,112,456762,#1840f8
99,111,456763,#3bc6f8
98,111,456764,#1840f8
98,110,456765,#3bc6f8
97,110,456766,#1840f8
97,109,456767,#3bc6f8
96,109,456768,#1840f8
95,109,456769,#1840f8
95,108,456770,#1840f8
94,108,456771,#1840f8
93,107,456772,#1840f8
91,106,456773,#1840f8
93,108,456774,#1840f8
92,107,456775,#1840f8
92,106,456776,#1840f8
91,105,456777,#1840f8
91,104,456778,#1840f8
90,103,456779,#1840f8
90,102,456780,#1840f8
93,106,456781,#1840f8
94,106,456782,#1840f8
94,107,456783,#1840f8
95,107,456784,#1840f8
96,107,456785,#1840f8
97,107,456786,#1840f8
98,99,456787,#1840f8
97,99,456788,#1840f8
96,99,456789,#1840f8
96,100,456790,#1840f8
95,100,456791,#1840f8
95,101,456792,#1840f8
95,102,456793,#1840f8
94,102,456794,#1840f8
94,103,456795,#1840f8
94,101,456796,#1840f8
94,100,456797,#1840f8
94,99,456798,#1840f8
95,99,456799,#1840f8
95,98,456800,#1840f8
95,97,456801,#1840f8
95,96,456802,#1840f8
96,96,456803,#1840f8
96,95,456804,#1840f8
96,94,456805,#a8e8f8
95,95,456806,#a8e8f8
94,95,456807,#a8e8f8
93,96,456808,#1840f8
92,96,456809,#a8e8f8
92,97,456810,#1840f8
91,98,456811,#1840f8
90,97,456812,#1840f8
91,96,456813,#a8e8f8
91,95,456814,#1840f8
92,95,456815,#a8e8f8
92,94,456816,#1840f8
93,94,456817,#1840f8
93,93,456818,#1840f8
94,93,456819,#1840f8
94,92,456820,#1840f8
95,92,456821,#1840f8
95,91,456822,#1840f8
96,91,456823,#1840f8
97,90,456824,#1840f8
98,90,456825,#1840f8
99,90,456826,#1840f8
100,90,456827,#3bc6f8
102,91,456828,#1840f8
101,91,456829,#a8e8f8
101,92,456830,#1840f8
100,92,456831,#1840f8
100,93,456832,#a8e8f8
101,93,456833,#1840f8
102,93,456834,#1840f8
98,89,456835,#1840f8
99,89,456836,#1840f8
100,89,456837,#1840f8
100,88,456838,#1840f8
101,88,456839,#1840f8
102,88,456840,#1840f8
103,88,456841,#1840f8
104,88,456842,#1840f8
104,87,456843,#1840f8
105,87,456844,#1840f8
106,87,456845,#1840f8
107,87,456846,#1840f8
108,87,456847,#1840f8
109,87,456848,#1840f8
109,88,456849,#1840f8
110,88,456850,#1840f8
111,88,456851,#1840f8
112,88,456852,#1840f8
110,89,456853,#1840f8
109,89,456854,#1840f8
108,89,456855,#1840f8
108,90,456856,#1840f8
107,90,456857,#1840f8
106,90,456858,#1840f8
106,91,456859,#1840f8
105,91,456860,#1840f8
104,91,456861,#1840f8
103,91,456862,#1840f8
105,95,456863,#1840f8
105,96,456864,#1840f8
105,97,456865,#3bc6f8
106,97,456866,#1840f8
107,97,456867,#1840f8
108,97,456868,#1840f8
104,96,456869,#1840f8
106,96,456870,#1840f8
107,96,456871,#1840f8
108,96,456872,#1840f8
103,97,456873,#1840f8
103,98,456874,#1840f8
102,98,456875,#1840f8
102,99,456876,#3bc6f8
101,100,456877,#3bc6f8
101,99,456878,#1840f8
102,97,456879,#1840f8
103,96,456880,#1840f8
101,95,456881,#1840f8
101,94,456882,#1840f8
101,96,456883,#1840f8
101,97,456884,#1840f8
101,98,456885,#1840f8
102,92,456886,#1840f8
102,105,456887,#3bc6f8
102,104,456888,#3bc6f8
103,104,456889,#3bc6f8
103,103,456890,#3bc6f8
103,102,456891,#3bc6f8
104,102,456892,#3bc6f8
104,101,456893,#3bc6f8
105,101,456894,#3bc6f8
106,101,456895,#3bc6f8
107,101,456896,#3bc6f8
108,101,456897,#3bc6f8
108,102,456898,#a8e8f8
109,102,456899,#3bc6f8
110,102,456900,#3bc6f8
110,103,456901,#3bc6f8
110,104,456902,#a8e8f8
111,104,456903,#3bc6f8
109,108,456904,#3bc6f8
108,108,456905,#a8e8f8
108,109,456906,#a8e8f8
111,103,456907,#3bc6f8
111,102,456908,#3bc6f8
110,101,456909,#3bc6f8
109,101,456910,#3bc6f8
108,100,456911,#3bc6f8
107,100,456912,#3bc6f8
106,100,456913,#3bc6f8
105,100,456914,#3bc6f8
104,100,456915,#a8e8f8
106,99,456916,#3bc6f8
107,99,456917,#3bc6f8
108,99,456918,#3bc6f8
109,100,456919,#3bc6f8
107,98,456920,#3bc6f8
106,98,456921,#3bc6f8
105,98,456922,#3bc6f8
104,97,456923,#3bc6f8
109,99,456924,#3bc6f8
110,100,456925,#3bc6f8
108,98,456926,#3bc6f8
112,102,456927,#3bc6f8
112,103,456928,#3bc6f8
115,104,456929,#3bc6f8
115,103,456930,#a8e8f8
115,102,456931,#a8e8f8
116,102,456932,#3bc6f8
116,101,456933,#3bc6f8
116,100,456934,#a8e8f8
116,99,456935,#a8e8f8
108,110,456936,#3bc6f8
107,110,456937,#3bc6f8
106,110,456938,#3bc6f8
106,111,456939,#3bc6f8
105,111,456940,#3bc6f8
107,111,456941,#3bc6f8
100,111,456942,#3bc6f8
100,112,456943,#3bc6f8
101,111,456944,#3bc6f8
99,110,456945,#3bc6f8
98,109,456946,#a8e8f8
97,108,456947,#a8e8f8
96,108,456948,#3bc6f8
99,109,456949,#a8e8f8
100,110,456950,#a8e8f8
94,112,456951,#a8e8f8
95,113,456952,#a8e8f8
96,114,456953,#a8e8f8
96,115,456954,#a8e8f8
97,116,456955,#a8e8f8
96,98,456956,#3bc6f8
97,98,456957,#a8e8f8
97,97,456958,#a8e8f8
91,97,456959,#a8e8f8
93,95,456960,#a8e8f8
94,94,456961,#3bc6f8
95,94,456962,#a8e8f8
95,93,456963,#3bc6f8
96,93,456964,#a8e8f8
96,92,456965,#3bc6f8
97,92,456966,#3bc6f8
97,91,456967,#3bc6f8
98,91,456968,#3bc6f8
99,91,456969,#a8e8f8
99,92,456970,#a8e8f8
100,91,456971,#a8e8f8
101,90,456972,#a8e8f8
101,89,456973,#3bc6f8
102,89,456974,#3bc6f8
103,89,456975,#3bc6f8
104,89,456976,#a8e8f8
105,89,456977,#a8e8f8
106,88,456978,#3bc6f8
107,88,456979,#3bc6f8
108,88,456980,#3bc6f8
107,89,456981,#a8e8f8
106,89,456982,#a8e8f8
105,90,456983,#3bc6f8
104,90,456984,#a8e8f8
103,90,456985,#a8e8f8
102,90,456986,#a8e8f8
105,88,456987,#3bc6f8
99,93,456988,#a8e8f8
98,93,456989,#3bc6f8
98,94,456990,#a8e8f8
97,94,456991,#a8e8f8
97,93,456992,#a8e8f8
98,92,456993,#a8e8f8
99,94,456994,#a8e8f8
99,95,456995,#a8e8f8
98,96,456996,#a8e8f8
97,96,456997,#3bc6f8
97,95,456998,#3bc6f8
98,95,456999,#a8e8f8
96,97,457000,#3bc6f8
98,97,457001,#a8e8f8
98,98,457002,#3bc6f8
99,97,457003,#a8e8f8
99,96,457004,#a8e8f8
100,95,457005,#a8e8f8
100,96,457006,#a8e8f8
100,94,457007,#3bc6f8
100,97,457008,#a8e8f8
100,98,457009,#a8e8f8
100,99,457010,#3bc6f8
100,100,457011,#3bc6f8
99,100,457012,#3bc6f8
99,101,457013,#3bc6f8
99,102,457014,#3bc6f8
99,103,457015,#3bc6f8
99,104,457016,#3bc6f8
99,105,457017,#3bc6f8
99,106,457018,#3bc6f8
100,106,457019,#3bc6f8
100,107,457020,#3bc6f8
101,107,457021,#3bc6f8
101,108,457022,#3bc6f8
102,108,457023,#3bc6f8
102,109,457024,#3bc6f8
103,109,457025,#a8e8f8
104,110,457026,#3bc6f8
105,110,457027,#3bc6f8
103,110,457028,#3bc6f8
100,101,457029,#3bc6f8
101,101,457030,#a8e8f8
102,100,457031,#3bc6f8
103,99,457032,#3bc6f8
104,98,457033,#3bc6f8
109,98,457034,#3bc6f8
104,106,457035,#a8e8f8
104,105,457036,#a8e8f8
104,104,457037,#a8e8f8
105,104,457038,#a8e8f8
105,103,457039,#a8e8f8
103,105,457040,#a8e8f8
104,103,457041,#a8e8f8
105,102,457042,#a8e8f8
106,102,457043,#a8e8f8
107,102,457044,#a8e8f8
108,103,457045,#a8e8f8
109,103,457046,#a8e8f8
109,104,457047,#a8e8f8
110,105,457048,#a8e8f8
109,107,457049,#a8e8f8
107,108,457050,#a8e8f8
106,108,457051,#a8e8f8
105,108,457052,#a8e8f8
104,108,457053,#a8e8f8
104,107,457054,#a8e8f8
105,106,457055,#a8e8f8
105,105,457056,#a8e8f8
106,104,457057,#a8e8f8
107,104,457058,#a8e8f8
108,104,457059,#a8e8f8
109,105,457060,#a8e8f8
109,106,457061,#a8e8f8
108,106,457062,#a8e8f8
108,107,457063,#a8e8f8
107,107,457064,#a8e8f8
106,107,457065,#a8e8f8
105,107,457066,#a8e8f8
103,107,457067,#a8e8f8
106,105,457068,#a8e8f8
107,105,457069,#a8e8f8
108,105,457070,#a8e8f8
107,106,457071,#a8e8f8
106,106,457072,#a8e8f8
106,103,457073,#a8e8f8
106,109,457074,#a8e8f8
105,109,457075,#a8e8f8
104,109,457076,#a8e8f8
107,109,457077,#a8e8f8
103,108,457078,#a8e8f8
103,106,457079,#a8e8f8
107,103,457080,#a8e8f8
102,106,457081,#a8e8f8
101,106,457082,#a8e8f8
102,107,457083,#a8e8f8
101,105,457084,#a8e8f8
100,105,457085,#a8e8f8
100,104,457086,#a8e8f8
100,103,457087,#a8e8f8
101,103,457088,#a8e8f8
101,102,457089,#a8e8f8
102,101,457090,#a8e8f8
100,102,457091,#a8e8f8
101,104,457092,#a8e8f8
102,103,457093,#a8e8f8
102,102,457094,#a8e8f8
103,101,457095,#a8e8f8
103,100,457096,#a8e8f8
104,99,457097,#a8e8f8
105,99,457098,#a8e8f8
98,108,457099,#a8e8f8
107,113,457100,#a8e8f8
95,112,457101,#a8e8f8
97,115,457102,#a8e8f8
115,101,457103,#a8e8f8
115,100,457104,#a8e8f8
116,98,457105,#a8e8f8
116,97,457106,#a8e8f8
116,113,457107,#a8e8f8
116,112,457108,#a8e8f8
114,115,457109,#a8e8f8
115,114,457110,#a8e8f8
115,113,457111,#a8e8f8
116,90,457112,#1840f8
116,91,457113,#1840f8
116,92,457114,#a8e8f8
117,92,457115,#1840f8
117,93,457116,#1840f8
115,91,457117,#a8e8f8
116,93,457118,#a8e8f8
116,94,457119,#1840f8
93,113,457120,#1840f8
97,118,457121,#1840f8
113,119,457122,#1840f8
90,96,457123,#1840f8
