138,131,243231,#000000
137,131,243232,#000000
136,131,243233,#000000
138,132,243234,#000000
138,133,243235,#000000
138,134,243236,#000000
138,135,243237,#000000
138,136,243238,#000000
138,137,243239,#000000
138,138,243240,#000000
138,139,243241,#000000
138,140,243242,#000000
138,141,243243,#000000
138,142,243244,#000000
138,143,243245,#000000
137,143,243246,#000000
136,143,243247,#000000
135,142,243248,#000000
135,141,243249,#000000
134,140,243250,#000000
134,139,243251,#000000
133,138,243252,#000000
133,137,243253,#282828
132,136,243254,#000000
131,137,243255,#000000
130,137,243256,#000000
129,137,243257,#000000
128,137,243258,#000000
135,131,243259,#000000
134,131,243260,#000000
133,131,243261,#000000
133,130,243262,#000000
132,130,243263,#000000
131,130,243264,#000000
130,130,243265,#000000
129,130,243266,#000000
128,130,243267,#000000
132,135,243268,#000000
132,134,243269,#000000
133,134,243270,#282828
133,133,243271,#282828
133,132,243272,#000000
127,137,243273,#000000
126,137,243274,#000000
123,137,243275,#000000
122,137,243276,#000000
124,137,243277,#000000
125,137,243278,#000000
121,136,243279,#000000
120,135,243280,#000000
119,134,243281,#000000
118,133,243282,#000000
117,132,243283,#000000
116,131,243284,#000000
115,130,243285,#000000
114,130,243286,#000000
114,129,243287,#000000
115,128,243288,#000000
113,129,243289,#000000
112,129,243290,#000000
127,130,243291,#000000
126,130,243292,#000000
125,129,243293,#000000
124,129,243294,#000000
124,128,243295,#000000
123,127,243296,#000000
123,126,243297,#000000
123,125,243298,#000000
122,125,243299,#000000
122,124,243300,#000000
122,123,243301,#000000
122,122,243302,#000000
121,122,243303,#000000
121,121,243304,#000000
121,120,243305,#000000
120,121,243306,#000000
119,122,243307,#000000
119,123,243308,#000000
119,124,243309,#000000
119,125,243310,#000000
118,123,243311,#000000
117,124,243312,#000000
116,125,243313,#e84000
115,126,243314,#000000
115,127,243315,#000000
115,125,243316,#000000
115,124,243317,#000000
115,123,243318,#000000
115,122,243319,#000000
114,121,243320,#000000
114,120,243321,#000000
113,119,243322,#000000
113,118,243323,#000000
113,117,243324,#000000
112,116,243325,#000000
112,115,243326,#000000
112,114,243327,#000000
113,114,243328,#000000
113,113,243329,#000000
114,113,243330,#000000
115,112,243331,#000000
116,112,243332,#e84000
117,111,243333,#000000
118,111,243334,#000000
119,110,243335,#000000
120,109,243336,#000000
120,108,243337,#000000
121,108,243338,#000000
122,107,243339,#000000
123,106,243340,#000000
124,106,243341,#000000
125,105,243342,#000000
126,104,243343,#000000
127,103,243344,#000000
128,103,243345,#000000
129,102,243346,#000000
130,101,243347,#000000
131,101,243348,#000000
131,100,243349,#000000
132,100,243350,#000000
132,99,243351,#000000
132,98,243352,#000000
133,98,243353,#000000
134,98,243354,#000000
135,98,243355,#000000
135,97,243356,#000000
136,97,243357,#000000
137,97,243358,#000000
138,97,243359,#000000
139,98,243360,#000000
139,99,243361,#000000
139,100,243362,#000000
139,101,243363,#000000
139,102,243364,#000000
139,103,243365,#000000
139,104,243366,#000000
139,105,243367,#000000
139,106,243368,#000000
137,106,243369,#000000
136,106,243370,#000000
138,106,243371,#000000
136,105,243372,#000000
135,107,243373,#000000
134,108,243374,#000000
133,108,243375,#000000
132,109,243376,#000000
131,110,243377,#000000
130,111,243378,#000000
129,112,243379,#000000
128,113,243380,#000000
127,113,243381,#000000
127,114,243382,#000000
126,114,243383,#000000
125,115,243384,#000000
124,116,243385,#000000
123,117,243386,#000000
122,118,243387,#000000
122,119,243388,#000000
133,100,243389,#000000
133,101,243390,#000000
134,101,243391,#282828
134,102,243392,#000000
135,102,243393,#282828
135,103,243394,#282828
135,104,243395,#000000
136,104,243396,#282828
111,114,243397,#000000
110,114,243398,#000000
109,115,243399,#000000
108,116,243400,#000000
107,117,243401,#e84000
106,117,243402,#000000
105,117,243403,#000000
104,118,243404,#000000
103,119,243405,#000000
102,120,243406,#000000
101,121,243407,#000000
100,122,243408,#000000
100,123,243409,#282828
103,118,243410,#000000
103,117,243411,#282828
104,116,243412,#000000
104,115,243413,#1840f8
105,114,243414,#1840f8
102,118,243415,#000000
100,118,243416,#000000
99,118,243417,#000000
98,118,243418,#000000
97,117,243419,#282828
96,117,243420,#000000
96,118,243421,#000000
95,116,243422,#000000
94,116,243423,#000000
93,116,243424,#000000
92,116,243425,#000000
91,116,243426,#000000
90,116,243427,#000000
89,115,243428,#f8ebce
88,114,243429,#1840f8
87,113,243430,#1840f8
87,112,243431,#3bc6f8
111,129,243432,#000000
111,130,243433,#000000
110,129,243434,#000000
112,131,243435,#000000
113,132,243436,#000000
113,133,243437,#000000
113,134,243438,#000000
113,135,243439,#000000
112,136,243440,#000000
111,137,243441,#000000
110,138,243442,#000000
109,138,243443,#000000
108,138,243444,#000000
107,138,243445,#000000
106,137,243446,#000000
105,136,243447,#000000
105,135,243448,#000000
105,134,243449,#000000
105,133,243450,#000000
105,132,243451,#000000
108,132,243452,#000000
108,131,243453,#000000
109,131,243454,#000000
108,133,243455,#000000
109,133,243456,#000000
110,133,243457,#000000
110,132,243458,#000000
111,134,243459,#000000
109,135,243460,#000000
107,136,243461,#000000
103,132,243462,#000000
104,131,243463,#000000
105,131,243464,#000000
106,131,243465,#000000
107,131,243466,#000000
106,134,243467,#000000
107,134,243468,#000000
106,132,243469,#000000
107,132,243470,#000000
102,132,243471,#000000
101,132,243472,#000000
100,132,243473,#000000
99,132,243474,#000000
98,131,243475,#000000
97,132,243476,#000000
97,133,243477,#000000
97,131,243478,#000000
96,134,243479,#000000
97,130,243480,#000000
96,129,243481,#000000
95,128,243482,#000000
94,127,243483,#000000
93,126,243484,#000000
98,123,243485,#000000
99,124,243486,#282828
95,119,243487,#000000
95,120,243488,#000000
94,121,243489,#000000
93,122,243490,#000000
93,123,243491,#000000
93,124,243492,#000000
93,125,243493,#000000
94,125,243494,#000000
94,126,243495,#000000
95,127,243496,#000000
92,123,243497,#000000
91,123,243498,#000000
90,123,243499,#000000
90,122,243500,#000000
90,121,243501,#000000
90,120,243502,#000000
89,121,243503,#000000
88,122,243504,#000000
88,123,243505,#000000
89,123,243506,#000000
87,122,243507,#000000
86,123,243508,#000000
86,124,243509,#000000
86,125,243510,#000000
87,125,243511,#000000
87,124,243512,#000000
85,123,243513,#000000
85,122,243514,#000000
85,121,243515,#000000
85,120,243516,#000000
85,119,243517,#000000
84,120,243518,#000000
83,121,243519,#000000
82,122,243520,#000000
81,123,243521,#000000
80,123,243522,#000000
81,124,243523,#000000
85,125,243524,#000000
85,126,243525,#000000
85,124,243526,#000000
84,126,243527,#000000
84,125,243528,#000000
86,127,243529,#000000
86,128,243530,#000000
79,122,243531,#000000
78,122,243532,#000000
77,121,243533,#000000
77,122,243534,#000000
77,123,243535,#000000
78,124,243536,#000000
78,125,243537,#000000
79,126,243538,#000000
78,126,243539,#000000
77,126,243540,#000000
76,126,243541,#000000
75,126,243542,#000000
74,126,243543,#000000
75,127,243544,#000000
76,128,243545,#000000
77,129,243546,#000000
78,130,243547,#000000
77,130,243548,#000000
76,130,243549,#000000
75,131,243550,#000000
74,131,243551,#000000
76,132,243552,#000000
77,133,243553,#000000
78,134,243554,#000000
78,135,243555,#000000
79,134,243556,#000000
77,136,243557,#000000
76,137,243558,#000000
76,138,243559,#000000
77,138,243560,#000000
78,138,243561,#000000
79,138,243562,#000000
80,138,243563,#000000
81,139,243564,#000000
81,140,243565,#000000
81,141,243566,#000000
81,142,243567,#000000
82,141,243568,#000000
83,140,243569,#000000
84,139,243570,#000000
85,139,243571,#000000
86,139,243572,#000000
87,140,243573,#000000
87,138,243574,#000000
88,139,243575,#000000
89,139,243576,#000000
90,139,243577,#000000
89,138,243578,#000000
89,137,243579,#000000
88,137,243580,#000000
88,136,243581,#000000
90,137,243582,#000000
91,137,243583,#000000
92,137,243584,#000000
93,137,243585,#000000
95,135,243586,#000000
94,136,243587,#000000
91,136,243588,#000000
84,138,243589,#000000
85,138,243590,#000000
84,137,243591,#000000
84,136,243592,#000000
83,137,243593,#000000
83,136,243594,#000000
83,135,243595,#000000
83,134,243596,#000000
83,133,243597,#000000
83,132,243598,#000000
82,135,243599,#000000
82,134,243600,#000000
82,133,243601,#000000
82,132,243602,#000000
83,131,243603,#000000
84,131,243604,#000000
84,130,243605,#000000
84,129,243606,#000000
85,131,243607,#000000
86,131,243608,#000000
87,131,243609,#000000
87,129,243610,#000000
87,130,243611,#000000
87,132,243612,#000000
87,133,243613,#000000
87,134,243614,#000000
87,135,243615,#000000
90,133,243616,#000000
90,132,243617,#000000
90,131,243618,#000000
88,138,243619,#d09018
87,139,243620,#d09018
83,139,243621,#d09018
82,140,243622,#d09018
82,136,243623,#d09018
81,138,243624,#d09018
77,137,243625,#d09018
78,136,243626,#d09018
79,135,243627,#d09018
80,134,243628,#d09018
79,133,243629,#d09018
78,133,243630,#d09018
77,132,243631,#d09018
76,131,243632,#d09018
79,130,243633,#d09018
78,129,243634,#d09018
77,128,243635,#d09018
76,127,243636,#d09018
79,127,243637,#d09018
79,125,243638,#d09018
79,123,243639,#d09018
80,124,243640,#d09018
82,123,243641,#d09018
83,122,243642,#d09018
84,121,243643,#d09018
84,122,243644,#d09018
84,123,243645,#d09018
84,124,243646,#d09018
83,124,243647,#d09018
83,125,243648,#d09018
83,126,243649,#d09018
82,126,243650,#d09018
85,127,243651,#d09018
85,128,243652,#d09018
84,128,243653,#d09018
83,129,243654,#d09018
83,130,243655,#d09018
82,130,243656,#d09018
82,131,243657,#d09018
81,132,243658,#d09018
86,126,243659,#d09018
87,126,243660,#d09018
87,127,243661,#d09018
87,128,243662,#d09018
88,128,243663,#d09018
88,127,243664,#d09018
89,127,243665,#d09018
90,127,243666,#d09018
87,123,243667,#d09018
89,122,243668,#d09018
90,136,243669,#d09018
88,133,243670,#d09018
89,134,243671,#d09018
88,132,243672,#d09018
85,129,243673,#505050
86,129,243674,#505050
86,130,243675,#505050
85,130,243676,#505050
78,123,243677,#f8e048
79,124,243678,#f8e048
82,124,243679,#f8e048
82,125,243680,#f8e048
81,125,243681,#f8e048
80,125,243682,#f8e048
83,123,243683,#f8e048
80,126,243684,#f8e048
81,126,243685,#f8e048
81,127,243686,#f8e048
81,128,243687,#f8e048
80,128,243688,#f8e048
80,129,243689,#f8e048
80,130,243690,#f8e048
80,127,243691,#f8e048
81,130,243692,#f8e048
81,129,243693,#f8e048
82,129,243694,#f8e048
82,128,243695,#f8e048
82,127,243696,#f8e048
83,127,243697,#f8e048
83,128,243698,#f8e048
84,127,243699,#f8e048
79,128,243700,#f8e048
79,129,243701,#f8e048
78,128,243702,#f8e048
78,127,243703,#f8e048
77,127,243704,#f8e048
77,131,243705,#f8e048
78,131,243706,#f8e048
79,131,243707,#f8e048
80,131,243708,#f8e048
81,131,243709,#f8e048
78,132,243710,#f8e048
79,132,243711,#f8e048
80,132,243712,#f8e048
80,133,243713,#f8e048
81,133,243714,#f8e048
81,134,243715,#f8e048
81,135,243716,#f8e048
81,136,243717,#f8e048
81,137,243718,#f8e048
80,137,243719,#f8e048
79,137,243720,#f8e048
78,137,243721,#f8e048
79,136,243722,#f8e048
80,136,243723,#f8e048
80,135,243724,#f8e048
82,137,243725,#f8e048
82,138,243726,#f8e048
82,139,243727,#f8e048
83,138,243728,#f8e048
84,132,243729,#a0a0a0
84,133,243730,#a0a0a0
84,134,243731,#a0a0a0
84,135,243732,#a0a0a0
85,133,243733,#a0a0a0
86,133,243734,#a0a0a0
85,136,243735,#a0a0a0
85,137,243736,#a0a0a0
85,134,243737,#ffffff
85,135,243738,#ffffff
86,135,243739,#ffffff
86,134,243740,#ffffff
85,132,243741,#ffffff
86,132,243742,#ffffff
86,136,243743,#ffffff
86,137,243744,#ffffff
86,138,243745,#ffffff
87,136,243746,#ffffff
87,137,243747,#ffffff
88,124,243748,#d86020
89,124,243749,#d86020
90,124,243750,#d86020
91,124,243751,#000000
92,124,243752,#000000
88,126,243753,#d86020
89,126,243754,#d86020
90,126,243755,#d86020
92,125,243756,#d86020
92,126,243757,#fb9043
93,127,243758,#fb9043
92,128,243759,#fb9043
92,129,243760,#fb9043
92,130,243761,#fb9043
94,128,243762,#fb9043
94,130,243763,#fb9043
95,129,243764,#fb9043
96,130,243765,#fb9043
96,131,243766,#fb9043
96,132,243767,#fb9043
94,134,243768,#fb9043
93,133,243769,#fb9043
93,132,243770,#fb9043
92,135,243771,#fb9043
89,136,243772,#fb9043
88,135,243773,#fb9043
88,134,243774,#fb9043
88,131,243775,#fb9043
88,130,243776,#fb9043
88,129,243777,#fb9043
89,133,243778,#fb9043
89,132,243779,#fb9043
89,131,243780,#fb9043
89,128,243781,#fb9043
89,129,243782,#fb9043
88,125,243783,#d86020
89,125,243784,#f8c880
90,125,243785,#f8c880
91,126,243786,#f8c880
93,128,243787,#fb9043
91,127,243788,#f8c880
92,127,243789,#f8c880
91,128,243790,#f8c880
91,129,243791,#f8c880
91,130,243792,#f8c880
90,130,243793,#f8c880
90,129,243794,#f8c880
90,128,243795,#f8c880
93,130,243796,#f8c880
93,129,243797,#f8c880
94,129,243798,#f8c880
95,130,243799,#f8c880
95,131,243800,#f8c880
96,133,243801,#f8c880
91,131,243802,#f8ebce
92,131,243803,#f8ebce
93,131,243804,#f8ebce
94,131,243805,#f8ebce
94,132,243806,#f8ebce
94,133,243807,#f8ebce
95,133,243808,#f8ebce
95,132,243809,#f8ebce
95,134,243810,#f8ebce
93,134,243811,#f8ebce
93,135,243812,#f8ebce
94,135,243813,#f8ebce
93,136,243814,#f8ebce
92,136,243815,#f8ebce
91,135,243816,#f8ebce
90,135,243817,#f8ebce
89,135,243818,#f8ebce
90,134,243819,#f8ebce
91,134,243820,#f8ebce
92,134,243821,#f8ebce
91,133,243822,#f8ebce
92,133,243823,#f8ebce
92,132,243824,#f8ebce
91,132,243825,#f8ebce
89,130,243826,#f8ebce
91,125,243827,#d86020
95,122,243828,#000000
95,123,243829,#000000
96,123,243830,#000000
96,124,243831,#000000
96,125,243832,#282828
97,125,243833,#000000
97,126,243834,#000000
97,127,243835,#000000
95,121,243836,#000000
94,122,243837,#000000
94,123,243838,#282828
94,124,243839,#282828
95,124,243840,#282828
95,125,243841,#282828
96,126,243842,#282828
96,127,243843,#282828
96,128,243844,#282828
97,128,243845,#282828
97,129,243846,#282828
98,129,243847,#282828
95,126,243848,#282828
98,130,243849,#282828
99,130,243850,#282828
99,131,243851,#282828
100,131,243852,#282828
101,131,243853,#282828
102,131,243854,#282828
96,122,243855,#282828
96,121,243856,#282828
96,120,243857,#282828
96,119,243858,#282828
97,119,243859,#282828
97,118,243860,#282828
101,118,243861,#282828
101,119,243862,#282828
101,120,243863,#282828
102,119,243864,#282828
100,120,243865,#282828
100,121,243866,#282828
99,121,243867,#282828
99,122,243868,#282828
99,123,243869,#282828
98,124,243870,#282828
98,125,243871,#282828
100,124,243872,#505050
101,123,243873,#282828
101,122,243874,#282828
102,122,243875,#282828
102,121,243876,#282828
103,121,243877,#282828
103,120,243878,#282828
104,120,243879,#282828
104,119,243880,#282828
105,119,243881,#282828
105,118,243882,#282828
97,124,243883,#505050
97,123,243884,#505050
97,122,243885,#505050
97,121,243886,#505050
98,121,243887,#505050
97,120,243888,#505050
98,120,243889,#505050
98,122,243890,#505050
99,120,243891,#505050
99,119,243892,#505050
98,119,243893,#505050
100,119,243894,#505050
98,126,243895,#505050
98,127,243896,#505050
98,128,243897,#505050
99,128,243898,#505050
99,129,243899,#505050
100,129,243900,#505050
100,130,243901,#505050
101,130,243902,#505050
102,130,243903,#505050
103,130,243904,#505050
103,131,243905,#505050
104,130,243906,#505050
105,130,243907,#505050
106,130,243908,#505050
107,130,243909,#505050
107,129,243910,#505050
106,129,243911,#505050
105,129,243912,#505050
104,129,243913,#505050
103,129,243914,#505050
102,129,243915,#505050
101,129,243916,#505050
101,128,243917,#505050
102,128,243918,#505050
103,128,243919,#505050
104,128,243920,#505050
101,127,243921,#505050
100,127,243922,#505050
102,127,243923,#505050
103,127,243924,#505050
104,127,243925,#505050
105,127,243926,#505050
100,128,243927,#505050
99,126,243928,#505050
100,126,243929,#505050
99,127,243930,#505050
100,125,243931,#505050
101,125,243932,#505050
102,125,243933,#505050
99,125,243934,#505050
101,124,243935,#505050
102,123,243936,#505050
103,123,243937,#505050
103,122,243938,#505050
102,124,243939,#505050
103,124,243940,#505050
104,124,243941,#505050
104,123,243942,#505050
103,125,243943,#505050
101,126,243944,#505050
104,125,243945,#505050
103,126,243946,#505050
102,126,243947,#505050
104,126,243948,#505050
105,126,243949,#505050
106,126,243950,#505050
107,126,243951,#505050
105,124,243952,#f89840
105,125,243953,#505050
106,125,243954,#505050
106,127,243955,#505050
107,127,243956,#505050
108,127,243957,#505050
106,128,243958,#505050
105,128,243959,#505050
107,128,243960,#505050
108,128,243961,#505050
109,128,243962,#f89840
109,127,243963,#505050
110,127,243964,#505050
110,126,243965,#505050
111,126,243966,#505050
112,126,243967,#505050
112,125,243968,#505050
113,125,243969,#505050
114,125,243970,#505050
114,126,243971,#505050
114,127,243972,#505050
114,128,243973,#505050
113,126,243974,#505050
104,122,243975,#e84000
104,121,243976,#e84000
105,121,243977,#e84000
105,120,243978,#e84000
106,120,243979,#e84000
106,119,243980,#e84000
106,118,243981,#e84000
107,118,243982,#e84000
108,117,243983,#e84000
109,117,243984,#e84000
109,116,243985,#e84000
110,116,243986,#e84000
110,115,243987,#e84000
111,115,243988,#e84000
111,116,243989,#e84000
111,117,243990,#e84000
112,117,243991,#e84000
112,118,243992,#e84000
112,119,243993,#e84000
112,120,243994,#e84000
112,121,243995,#e84000
113,121,243996,#e84000
111,121,243997,#e84000
110,121,243998,#e84000
109,121,243999,#e84000
108,121,244000,#e84000
108,122,244001,#e84000
107,122,244002,#e84000
106,122,244003,#e84000
105,122,244004,#e84000
106,121,244005,#e84000
107,121,244006,#e84000
111,120,244007,#e84000
110,120,244008,#e84000
109,120,244009,#e84000
108,120,244010,#e84000
107,120,244011,#e84000
107,119,244012,#e84000
108,119,244013,#e84000
109,119,244014,#e84000
110,119,244015,#e84000
108,118,244016,#e84000
109,118,244017,#e84000
110,118,244018,#e84000
110,117,244019,#e84000
111,119,244020,#e84000
111,118,244021,#e84000
113,120,244022,#e84000
110,122,244023,#e84000
111,122,244024,#e84000
111,123,244025,#e84000
111,124,244026,#e84000
111,125,244027,#e84000
110,125,244028,#e84000
109,125,244029,#e84000
109,124,244030,#e84000
109,123,244031,#e84000
108,123,244032,#f89840
110,124,244033,#e84000
110,123,244034,#e84000
109,122,244035,#e84000
112,123,244036,#e84000
112,124,244037,#e84000
106,123,244038,#f89840
107,123,244039,#f89840
108,124,244040,#f89840
105,123,244041,#f89840
106,124,244042,#f89840
107,124,244043,#f89840
107,125,244044,#f89840
108,125,244045,#f89840
108,126,244046,#f89840
109,126,244047,#f89840
112,122,244048,#f89840
113,122,244049,#f89840
114,122,244050,#f89840
114,123,244051,#f89840
114,124,244052,#f89840
113,124,244053,#f89840
113,123,244054,#f89840
108,129,244055,#f89840
109,129,244056,#f89840
110,128,244057,#f89840
111,127,244058,#f89840
113,128,244059,#e84000
112,128,244060,#e84000
109,130,244061,#e84000
110,130,244062,#e84000
108,130,244063,#f89840
111,128,244064,#f89840
112,127,244065,#f89840
113,127,244066,#f89840
107,133,244067,#d86020
108,134,244068,#d86020
110,134,244069,#f8c880
109,132,244070,#d86020
109,134,244071,#d86020
111,132,244072,#f8c880
111,133,244073,#f8c880
111,131,244074,#d86020
112,132,244075,#d86020
112,133,244076,#d86020
112,134,244077,#f8c880
111,135,244078,#f8c880
111,136,244079,#d86020
112,135,244080,#d86020
110,136,244081,#f8ebce
110,137,244082,#d86020
109,137,244083,#f8c880
108,137,244084,#f8ebce
107,137,244085,#f8ebce
108,136,244086,#d86020
109,136,244087,#f8ebce
108,135,244088,#f8c880
107,135,244089,#d86020
106,135,244090,#f8c880
106,136,244091,#f8ebce
106,133,244092,#f8c880
110,135,244093,#f8ebce
110,131,244094,#000000
116,126,244095,#e84000
116,127,244096,#e84000
116,128,244097,#e84000
116,129,244098,#e84000
115,129,244099,#e84000
116,130,244100,#e84000
117,130,244101,#e84000
117,131,244102,#e84000
118,131,244103,#e84000
118,132,244104,#e84000
119,132,244105,#e84000
119,133,244106,#e84000
120,133,244107,#e84000
120,134,244108,#e84000
121,134,244109,#e84000
121,135,244110,#e84000
122,135,244111,#e84000
122,136,244112,#e84000
123,136,244113,#e84000
124,136,244114,#e84000
125,136,244115,#e84000
126,136,244116,#e84000
127,136,244117,#e84000
128,136,244118,#e84000
129,136,244119,#e84000
130,136,244120,#e84000
131,136,244121,#e84000
131,135,244122,#e84000
131,134,244123,#e84000
131,133,244124,#e84000
132,133,244125,#e84000
132,132,244126,#e84000
132,131,244127,#e84000
131,131,244128,#e84000
130,131,244129,#e84000
129,131,244130,#e84000
128,131,244131,#e84000
127,131,244132,#e84000
126,131,244133,#e84000
125,131,244134,#e84000
125,130,244135,#e84000
124,130,244136,#e84000
123,130,244137,#e84000
123,129,244138,#e84000
122,129,244139,#e84000
122,128,244140,#e84000
123,128,244141,#e84000
122,127,244142,#e84000
122,126,244143,#e84000
121,126,244144,#e84000
121,125,244145,#e84000
121,124,244146,#e84000
120,124,244147,#e84000
120,123,244148,#e84000
120,122,244149,#e84000
121,123,244150,#e84000
120,125,244151,#e84000
120,126,244152,#e84000
120,127,244153,#e84000
119,127,244154,#f89840
119,126,244155,#e84000
118,126,244156,#e84000
118,125,244157,#e84000
118,124,244158,#e84000
117,125,244159,#e84000
117,126,244160,#e84000
121,127,244161,#e84000
121,128,244162,#e84000
121,129,244163,#f89840
122,130,244164,#e84000
122,131,244165,#e84000
122,132,244166,#e84000
122,133,244167,#e84000
122,134,244168,#e84000
123,133,244169,#e84000
123,132,244170,#e84000
123,131,244171,#e84000
124,131,244172,#e84000
125,132,244173,#e84000
124,132,244174,#e84000
126,132,244175,#e84000
124,133,244176,#e84000
125,133,244177,#e84000
126,133,244178,#e84000
126,134,244179,#e84000
125,134,244180,#e84000
124,134,244181,#e84000
123,134,244182,#e84000
126,135,244183,#e84000
125,135,244184,#e84000
124,135,244185,#e84000
127,135,244186,#e84000
123,135,244187,#e84000
128,135,244188,#e84000
129,135,244189,#e84000
130,135,244190,#e84000
127,134,244191,#e84000
128,134,244192,#e84000
129,134,244193,#e84000
128,133,244194,#e84000
129,133,244195,#e84000
130,133,244196,#e84000
127,133,244197,#e84000
129,132,244198,#e84000
128,132,244199,#e84000
127,132,244200,#e84000
130,132,244201,#e84000
131,132,244202,#e84000
130,134,244203,#e84000
117,127,244204,#f89840
118,127,244205,#f89840
119,128,244206,#f89840
120,128,244207,#f89840
120,129,244208,#f89840
121,130,244209,#f89840
121,131,244210,#f89840
120,130,244211,#f89840
119,130,244212,#f89840
119,129,244213,#f89840
118,129,244214,#f89840
118,128,244215,#f89840
117,128,244216,#f89840
117,129,244217,#f89840
118,130,244218,#f89840
120,131,244219,#f89840
121,132,244220,#f89840
119,131,244221,#f89840
120,132,244222,#f89840
121,133,244223,#f89840
113,115,244224,#e84000
114,115,244225,#e84000
115,114,244226,#e84000
116,114,244227,#f89840
114,114,244228,#e84000
116,113,244229,#e84000
117,113,244230,#e84000
117,112,244231,#e84000
115,113,244232,#e84000
118,112,244233,#e84000
119,112,244234,#f89840
119,111,244235,#e84000
120,111,244236,#e84000
121,110,244237,#e84000
122,110,244238,#e84000
122,109,244239,#e84000
122,108,244240,#e84000
123,108,244241,#e84000
121,109,244242,#e84000
120,110,244243,#e84000
123,109,244244,#e84000
123,107,244245,#e84000
124,107,244246,#e84000
125,107,244247,#e84000
125,106,244248,#e84000
126,106,244249,#e84000
126,105,244250,#e84000
127,105,244251,#e84000
127,104,244252,#e84000
128,104,244253,#e84000
129,104,244254,#e84000
130,104,244255,#e84000
130,103,244256,#e84000
129,103,244257,#e84000
130,102,244258,#e84000
131,102,244259,#e84000
132,102,244260,#e84000
132,101,244261,#e84000
133,102,244262,#e84000
133,103,244263,#e84000
134,103,244264,#e84000
134,104,244265,#e84000
134,105,244266,#e84000
134,106,244267,#e84000
135,106,244268,#e84000
135,105,244269,#e84000
133,106,244270,#e84000
133,107,244271,#e84000
132,107,244272,#e84000
134,107,244273,#e84000
131,107,244274,#e84000
131,108,244275,#e84000
131,109,244276,#e84000
132,108,244277,#e84000
130,109,244278,#e84000
130,110,244279,#e84000
129,110,244280,#e84000
129,111,244281,#e84000
128,111,244282,#e84000
128,112,244283,#e84000
127,112,244284,#e84000
126,112,244285,#e84000
126,113,244286,#e84000
125,113,244287,#e84000
125,114,244288,#e84000
124,114,244289,#e84000
124,115,244290,#e84000
123,115,244291,#e84000
123,116,244292,#e84000
122,116,244293,#e84000
122,117,244294,#e84000
121,117,244295,#f89840
121,118,244296,#e84000
120,118,244297,#f89840
120,119,244298,#e84000
121,119,244299,#e84000
120,120,244300,#e84000
119,120,244301,#e84000
119,121,244302,#e84000
118,121,244303,#e84000
118,122,244304,#e84000
117,122,244305,#e84000
117,123,244306,#e84000
116,123,244307,#e84000
116,124,244308,#e84000
116,122,244309,#e84000
116,121,244310,#e84000
116,120,244311,#f89840
115,120,244312,#e84000
115,121,244313,#e84000
115,119,244314,#e84000
115,118,244315,#e84000
114,119,244316,#e84000
114,118,244317,#e84000
114,117,244318,#e84000
114,116,244319,#e84000
113,116,244320,#e84000
123,110,244321,#e84000
123,111,244322,#e84000
123,112,244323,#e84000
124,112,244324,#e84000
124,113,244325,#e84000
124,111,244326,#e84000
125,112,244327,#e84000
125,111,244328,#e84000
126,111,244329,#e84000
126,110,244330,#e84000
127,110,244331,#e84000
125,110,244332,#e84000
127,109,244333,#e84000
128,109,244334,#e84000
126,109,244335,#e84000
125,109,244336,#e84000
124,109,244337,#e84000
125,108,244338,#e84000
126,108,244339,#e84000
127,108,244340,#e84000
124,108,244341,#e84000
124,110,244342,#e84000
126,107,244343,#e84000
127,107,244344,#e84000
127,106,244345,#e84000
128,106,244346,#e84000
128,105,244347,#e84000
129,105,244348,#e84000
130,105,244349,#e84000
131,103,244350,#e84000
131,104,244351,#e84000
132,103,244352,#e84000
132,104,244353,#e84000
132,105,244354,#e84000
131,105,244355,#e84000
130,106,244356,#e84000
129,106,244357,#e84000
133,104,244358,#e84000
133,105,244359,#e84000
132,106,244360,#e84000
130,107,244361,#e84000
129,107,244362,#e84000
131,106,244363,#e84000
128,107,244364,#e84000
129,108,244365,#e84000
128,108,244366,#e84000
130,108,244367,#e84000
129,109,244368,#e84000
128,110,244369,#e84000
127,111,244370,#e84000
115,116,244371,#f89840
116,116,244372,#f89840
116,115,244373,#f89840
117,115,244374,#f89840
118,114,244375,#f89840
115,115,244376,#f89840
117,114,244377,#f89840
118,113,244378,#f89840
119,113,244379,#f89840
120,112,244380,#f89840
121,112,244381,#f89840
121,111,244382,#f89840
122,111,244383,#f89840
122,112,244384,#f89840
122,113,244385,#f89840
122,114,244386,#f89840
122,115,244387,#f89840
121,115,244388,#f89840
120,115,244389,#f89840
120,116,244390,#f89840
119,116,244391,#f89840
119,115,244392,#f89840
120,114,244393,#f89840
121,114,244394,#f89840
123,113,244395,#f89840
123,114,244396,#f89840
121,116,244397,#f89840
119,114,244398,#f89840
120,113,244399,#f89840
121,113,244400,#f89840
118,115,244401,#f89840
117,116,244402,#f89840
116,117,244403,#f89840
115,117,244404,#f89840
116,118,244405,#f89840
116,119,244406,#f89840
117,120,244407,#f89840
118,120,244408,#f89840
118,119,244409,#f89840
119,119,244410,#f89840
117,121,244411,#f89840
119,118,244412,#f89840
120,117,244413,#f89840
119,117,244414,#f89840
118,118,244415,#f89840
117,118,244416,#f89840
118,117,244417,#f89840
118,116,244418,#f89840
117,119,244419,#f89840
117,117,244420,#f89840
133,136,244421,#282828
133,135,244422,#282828
134,133,244423,#282828
134,132,244424,#282828
135,132,244425,#282828
136,132,244426,#282828
137,132,244427,#282828
137,133,244428,#282828
137,134,244429,#282828
137,135,244430,#282828
137,136,244431,#282828
137,137,244432,#282828
137,138,244433,#282828
137,139,244434,#282828
137,140,244435,#282828
137,141,244436,#282828
137,142,244437,#282828
136,142,244438,#282828
134,137,244439,#282828
134,136,244440,#505050
135,136,244441,#282828
135,135,244442,#505050
136,135,244443,#282828
134,135,244444,#a0a0a0
135,134,244445,#505050
136,134,244446,#282828
134,134,244447,#a0a0a0
135,133,244448,#505050
136,133,244449,#505050
136,141,244450,#d86020
136,140,244451,#d86020
136,139,244452,#fb9043
136,138,244453,#f8c880
136,137,244454,#f8ebce
136,136,244455,#f8c880
135,137,244456,#f8ebce
135,140,244457,#f8ebce
134,138,244458,#f8ebce
135,139,244459,#fb9043
135,138,244460,#fb9043
136,103,244461,#282828
136,102,244462,#282828
135,101,244463,#505050
134,100,244464,#505050
134,99,244465,#505050
133,99,244466,#282828
135,99,244467,#a0a0a0
136,99,244468,#505050
136,98,244469,#282828
137,98,244470,#282828
138,98,244471,#282828
138,99,244472,#282828
138,100,244473,#282828
138,101,244474,#282828
138,102,244475,#282828
138,103,244476,#282828
138,104,244477,#282828
138,105,244478,#282828
137,105,244479,#282828
137,104,244480,#282828
135,100,244481,#a0a0a0
136,101,244482,#505050
136,100,244483,#a0a0a0
137,99,244484,#d86020
137,101,244485,#f8ebce
137,103,244486,#d86020
137,100,244487,#f8c880
137,102,244488,#f8c880
95,115,244489,#1840f8
96,115,244490,#1840f8
97,115,244491,#1840f8
98,115,244492,#1840f8
99,115,244493,#1840f8
100,115,244494,#1840f8
101,115,244495,#1840f8
102,115,244496,#1840f8
103,114,244497,#3bc6f8
104,114,244498,#1840f8
105,113,244499,#1840f8
106,113,244500,#1840f8
106,112,244501,#1840f8
88,110,244502,#1840f8
89,111,244503,#1840f8
90,112,244504,#1840f8
91,112,244505,#1840f8
91,113,244506,#1840f8
92,113,244507,#1840f8
93,114,244508,#1840f8
94,114,244509,#1840f8
94,115,244510,#1840f8
88,109,244511,#1840f8
88,108,244512,#1840f8
88,107,244513,#1840f8
87,107,244514,#1840f8
87,106,244515,#1840f8
87,105,244516,#1840f8
87,104,244517,#1840f8
87,103,244518,#1840f8
87,102,244519,#1840f8
88,102,244520,#1840f8
88,101,244521,#1840f8
89,101,244522,#3bc6f8
89,100,244523,#1840f8
89,99,244524,#1840f8
90,99,244525,#3bc6f8
90,98,244526,#1840f8
91,98,244527,#3bc6f8
91,97,244528,#1840f8
92,97,244529,#3bc6f8
93,97,244530,#3bc6f8
93,96,244531,#1840f8
94,96,244532,#1840f8
95,96,244533,#3bc6f8
96,96,244534,#3bc6f8
97,96,244535,#3bc6f8
97,95,244536,#1840f8
98,95,244537,#1840f8
99,96,244538,#3bc6f8
100,96,244539,#3bc6f8
101,96,244540,#1840f8
102,96,244541,#1840f8
102,97,244542,#1840f8
103,97,244543,#1840f8
103,98,244544,#3bc6f8
104,99,244545,#1840f8
104,100,244546,#3bc6f8
105,100,244547,#1840f8
105,101,244548,#3bc6f8
106,101,244549,#1840f8
106,102,244550,#3bc6f8
106,103,244551,#3bc6f8
106,104,244552,#3bc6f8
106,105,244553,#3bc6f8
107,105,244554,#1840f8
107,106,244555,#1840f8
107,107,244556,#1840f8
107,108,244557,#1840f8
106,108,244558,#3bc6f8
106,109,244559,#3bc6f8
106,110,244560,#3bc6f8
106,111,244561,#3bc6f8
105,112,244562,#3bc6f8
88,100,244563,#1840f8
92,98,244564,#3bc6f8
94,97,244565,#3bc6f8
98,96,244566,#3bc6f8
99,97,244567,#3bc6f8
100,97,244568,#3bc6f8
89,98,244569,#1840f8
87,101,244570,#1840f8
92,96,244571,#1840f8
99,95,244572,#1840f8
100,95,244573,#1840f8
104,98,244574,#1840f8
105,99,244575,#1840f8
106,100,244576,#1840f8
106,106,244577,#3bc6f8
106,107,244578,#3bc6f8
107,104,244579,#1840f8
107,103,244580,#1840f8
107,102,244581,#1840f8
107,101,244582,#1840f8
105,98,244583,#1840f8
104,97,244584,#1840f8
96,95,244585,#1840f8
95,95,244586,#1840f8
94,95,244587,#1840f8
93,95,244588,#1840f8
103,96,244589,#1840f8
104,96,244590,#1840f8
105,97,244591,#1840f8
106,98,244592,#1840f8
106,99,244593,#1840f8
104,113,244594,#3bc6f8
107,110,244595,#1840f8
107,109,244596,#1840f8
107,111,244597,#1840f8
108,110,244598,#1840f8
108,109,244599,#1840f8
108,108,244600,#1840f8
108,107,244601,#1840f8
108,106,244602,#1840f8
109,106,244603,#1840f8
109,105,244604,#1840f8
109,104,244605,#1840f8
109,103,244606,#3bc6f8
108,103,244607,#1840f8
108,102,244608,#1840f8
108,101,244609,#1840f8
107,100,244610,#1840f8
107,99,244611,#1840f8
106,97,244612,#1840f8
106,96,244613,#1840f8
105,96,244614,#1840f8
105,95,244615,#1840f8
104,95,244616,#1840f8
103,95,244617,#1840f8
103,94,244618,#1840f8
102,94,244619,#1840f8
101,94,244620,#1840f8
100,94,244621,#1840f8
99,94,244622,#1840f8
98,94,244623,#1840f8
97,94,244624,#1840f8
96,94,244625,#1840f8
95,94,244626,#1840f8
94,94,244627,#1840f8
93,94,244628,#1840f8
92,94,244629,#1840f8
92,95,244630,#1840f8
91,95,244631,#1840f8
91,96,244632,#1840f8
90,96,244633,#1840f8
90,97,244634,#1840f8
89,97,244635,#1840f8
88,98,244636,#1840f8
88,99,244637,#1840f8
87,99,244638,#1840f8
87,100,244639,#1840f8
86,101,244640,#1840f8
86,102,244641,#1840f8
98,93,244642,#1840f8
99,93,244643,#1840f8
95,93,244644,#1840f8
96,93,244645,#1840f8
97,93,244646,#1840f8
100,93,244647,#1840f8
102,95,244648,#1840f8
101,95,244649,#1840f8
108,104,244650,#1840f8
108,105,244651,#1840f8
86,103,244652,#1840f8
86,104,244653,#1840f8
86,105,244654,#1840f8
86,106,244655,#1840f8
86,107,244656,#1840f8
86,108,244657,#1840f8
87,108,244658,#1840f8
87,109,244659,#1840f8
87,110,244660,#1840f8
89,110,244661,#1840f8
90,111,244662,#1840f8
88,111,244663,#a8e8f8
89,112,244664,#3bc6f8
95,114,244665,#3bc6f8
88,106,244666,#3bc6f8
88,105,244667,#3bc6f8
88,104,244668,#3bc6f8
88,103,244669,#3bc6f8
89,103,244670,#3bc6f8
89,102,244671,#3bc6f8
90,101,244672,#3bc6f8
90,100,244673,#3bc6f8
91,99,244674,#3bc6f8
95,97,244675,#3bc6f8
101,97,244676,#3bc6f8
102,98,244677,#3bc6f8
103,99,244678,#3bc6f8
103,100,244679,#3bc6f8
104,101,244680,#3bc6f8
105,102,244681,#3bc6f8
105,111,244682,#3bc6f8
104,112,244683,#3bc6f8
102,114,244684,#3bc6f8
102,113,244685,#3bc6f8
103,113,244686,#3bc6f8
103,112,244687,#3bc6f8
104,111,244688,#3bc6f8
104,110,244689,#3bc6f8
105,110,244690,#3bc6f8
105,109,244691,#3bc6f8
105,108,244692,#3bc6f8
105,107,244693,#3bc6f8
105,106,244694,#3bc6f8
105,105,244695,#3bc6f8
105,104,244696,#3bc6f8
104,104,244697,#3bc6f8
104,103,244698,#3bc6f8
104,102,244699,#3bc6f8
103,101,244700,#3bc6f8
102,99,244701,#3bc6f8
101,99,244702,#3bc6f8
101,98,244703,#3bc6f8
100,98,244704,#3bc6f8
98,97,244705,#3bc6f8
97,97,244706,#3bc6f8
98,98,244707,#3bc6f8
99,98,244708,#3bc6f8
100,99,244709,#3bc6f8
100,100,244710,#3bc6f8
101,100,244711,#3bc6f8
101,101,244712,#3bc6f8
102,102,244713,#3bc6f8
102,103,244714,#3bc6f8
103,103,244715,#3bc6f8
105,103,244716,#3bc6f8
103,102,244717,#3bc6f8
102,101,244718,#3bc6f8
102,100,244719,#3bc6f8
99,99,244720,#3bc6f8
98,99,244721,#3bc6f8
97,98,244722,#3bc6f8
96,98,244723,#3bc6f8
95,98,244724,#3bc6f8
94,98,244725,#3bc6f8
93,98,244726,#3bc6f8
92,99,244727,#3bc6f8
91,100,244728,#3bc6f8
90,102,244729,#3bc6f8
90,103,244730,#3bc6f8
89,104,244731,#3bc6f8
89,105,244732,#3bc6f8
89,106,244733,#3bc6f8
89,107,244734,#3bc6f8
89,108,244735,#3bc6f8
90,104,244736,#3bc6f8
91,102,244737,#3bc6f8
91,101,244738,#3bc6f8
92,101,244739,#3bc6f8
92,100,244740,#3bc6f8
93,99,244741,#3bc6f8
94,99,244742,#3bc6f8
93,100,244743,#3bc6f8
96,97,244744,#3bc6f8
94,100,244745,#3bc6f8
93,101,244746,#3bc6f8
92,102,244747,#3bc6f8
91,103,244748,#3bc6f8
90,105,244749,#3bc6f8
90,106,244750,#3bc6f8
89,109,244751,#3bc6f8
90,109,244752,#3bc6f8
90,110,244753,#3bc6f8
90,108,244754,#dff4f8
90,107,244755,#3bc6f8
91,106,244756,#a8e8f8
91,105,244757,#3bc6f8
92,105,244758,#a8e8f8
92,104,244759,#3bc6f8
93,103,244760,#3bc6f8
93,102,244761,#3bc6f8
94,102,244762,#3bc6f8
94,101,244763,#3bc6f8
95,101,244764,#3bc6f8
96,101,244765,#3bc6f8
97,101,244766,#3bc6f8
98,101,244767,#3bc6f8
99,101,244768,#3bc6f8
99,102,244769,#3bc6f8
100,102,244770,#3bc6f8
101,102,244771,#3bc6f8
101,103,244772,#a8e8f8
100,101,244773,#3bc6f8
96,102,244774,#a8e8f8
95,102,244775,#3bc6f8
94,103,244776,#a8e8f8
93,104,244777,#a8e8f8
91,104,244778,#3bc6f8
92,103,244779,#3bc6f8
96,100,244780,#3bc6f8
97,100,244781,#3bc6f8
98,100,244782,#3bc6f8
95,100,244783,#3bc6f8
99,100,244784,#3bc6f8
96,99,244785,#3bc6f8
95,99,244786,#3bc6f8
97,99,244787,#3bc6f8
103,104,244788,#3bc6f8
103,105,244789,#3bc6f8
103,106,244790,#3bc6f8
103,107,244791,#3bc6f8
103,108,244792,#3bc6f8
103,109,244793,#3bc6f8
103,110,244794,#3bc6f8
103,111,244795,#3bc6f8
102,111,244796,#3bc6f8
102,112,244797,#3bc6f8
101,113,244798,#3bc6f8
104,109,244799,#3bc6f8
104,108,244800,#3bc6f8
104,107,244801,#3bc6f8
104,106,244802,#3bc6f8
104,105,244803,#3bc6f8
102,110,244804,#a8e8f8
101,112,244805,#a8e8f8
101,114,244806,#3bc6f8
100,114,244807,#3bc6f8
99,114,244808,#3bc6f8
98,114,244809,#3bc6f8
97,114,244810,#3bc6f8
97,113,244811,#3bc6f8
96,113,244812,#3bc6f8
95,113,244813,#3bc6f8
95,112,244814,#dff4f8
94,112,244815,#dff4f8
93,112,244816,#dff4f8
93,111,244817,#dff4f8
92,111,244818,#dff4f8
92,112,244819,#3bc6f8
94,113,244820,#3bc6f8
91,111,244821,#3bc6f8
91,110,244822,#3bc6f8
93,113,244823,#3bc6f8
96,114,244824,#3bc6f8
91,107,244825,#a8e8f8
92,106,244826,#a8e8f8
93,105,244827,#a8e8f8
94,104,244828,#a8e8f8
95,103,244829,#a8e8f8
96,103,244830,#a8e8f8
97,103,244831,#a8e8f8
98,103,244832,#a8e8f8
99,103,244833,#a8e8f8
100,103,244834,#a8e8f8
100,104,244835,#a8e8f8
101,104,244836,#a8e8f8
97,102,244837,#a8e8f8
98,102,244838,#a8e8f8
102,105,244839,#a8e8f8
102,106,244840,#a8e8f8
102,107,244841,#a8e8f8
102,108,244842,#a8e8f8
102,104,244843,#a8e8f8
101,105,244844,#a8e8f8
101,106,244845,#a8e8f8
101,107,244846,#a8e8f8
102,109,244847,#a8e8f8
101,110,244848,#a8e8f8
101,111,244849,#a8e8f8
100,111,244850,#dff4f8
100,112,244851,#dff4f8
99,113,244852,#dff4f8
100,113,244853,#a8e8f8
101,109,244854,#a8e8f8
101,108,244855,#a8e8f8
100,108,244856,#a8e8f8
100,107,244857,#a8e8f8
99,106,244858,#a8e8f8
98,106,244859,#a8e8f8
98,105,244860,#a8e8f8
97,105,244861,#a8e8f8
96,105,244862,#a8e8f8
95,105,244863,#a8e8f8
94,105,244864,#a8e8f8
95,106,244865,#a8e8f8
96,106,244866,#a8e8f8
97,106,244867,#a8e8f8
98,107,244868,#a8e8f8
99,107,244869,#a8e8f8
99,108,244870,#a8e8f8
99,105,244871,#a8e8f8
100,106,244872,#a8e8f8
97,104,244873,#a8e8f8
96,104,244874,#a8e8f8
98,104,244875,#a8e8f8
100,105,244876,#a8e8f8
95,104,244877,#a8e8f8
97,107,244878,#dff4f8
96,107,244879,#dff4f8
95,107,244880,#dff4f8
94,106,244881,#a8e8f8
93,106,244882,#a8e8f8
98,108,244883,#dff4f8
99,104,244884,#a8e8f8
92,108,244885,#dff4f8
93,108,244886,#dff4f8
94,108,244887,#dff4f8
95,108,244888,#dff4f8
96,108,244889,#dff4f8
97,108,244890,#dff4f8
93,107,244891,#dff4f8
92,107,244892,#dff4f8
94,107,244893,#dff4f8
96,109,244894,#dff4f8
95,109,244895,#dff4f8
94,109,244896,#dff4f8
93,109,244897,#dff4f8
92,109,244898,#dff4f8
91,109,244899,#dff4f8
91,108,244900,#dff4f8
97,109,244901,#dff4f8
93,110,244902,#dff4f8
94,110,244903,#dff4f8
95,111,244904,#dff4f8
96,111,244905,#dff4f8
97,112,244906,#dff4f8
98,112,244907,#dff4f8
96,112,244908,#dff4f8
98,113,244909,#dff4f8
94,111,244910,#dff4f8
92,110,244911,#dff4f8
99,112,244912,#dff4f8
97,111,244913,#dff4f8
95,110,244914,#dff4f8
96,110,244915,#dff4f8
97,110,244916,#dff4f8
98,110,244917,#dff4f8
98,111,244918,#dff4f8
99,111,244919,#dff4f8
99,110,244920,#dff4f8
100,110,244921,#dff4f8
98,109,244922,#dff4f8
99,109,244923,#dff4f8
100,109,244924,#dff4f8
86,113,244925,#1840f8
89,114,244926,#1840f8
90,114,244927,#1840f8
91,114,244928,#1840f8
92,114,244929,#1840f8
88,113,244930,#1840f8
86,112,244931,#3bc6f8
85,112,244932,#1840f8
84,112,244933,#1840f8
85,113,244934,#1840f8
84,111,244935,#3bc6f8
83,111,244936,#1840f8
109,108,244937,#1840f8
109,107,244938,#1840f8
110,103,244939,#1840f8
110,102,244940,#1840f8
110,101,244941,#1840f8
110,100,244942,#1840f8
110,99,244943,#3bc6f8
111,99,244944,#1840f8
111,98,244945,#1840f8
111,97,244946,#1840f8
110,97,244947,#dff4f8
102,93,244948,#1840f8
101,93,244949,#1840f8
101,92,244950,#1840f8
100,92,244951,#1840f8
99,92,244952,#1840f8
99,91,244953,#1840f8
98,91,244954,#1840f8
97,91,244955,#3bc6f8
97,90,244956,#1840f8
96,90,244957,#1840f8
95,90,244958,#1840f8
96,91,244959,#a8e8f8
86,98,244960,#3bc6f8
86,97,244961,#1840f8
87,97,244962,#1840f8
88,97,244963,#1840f8
85,98,244964,#1840f8
84,98,244965,#1840f8
84,99,244966,#1840f8
83,99,244967,#1840f8
83,98,244968,#1840f8
85,97,244969,#1840f8
91,94,244970,#1840f8
90,94,244971,#3bc6f8
90,93,244972,#1840f8
89,93,244973,#3bc6f8
91,93,244974,#1840f8
92,93,244975,#1840f8
109,90,244976,#1840f8
109,89,244977,#1840f8
108,89,244978,#3bc6f8
108,88,244979,#1840f8
108,90,244980,#a8e8f8
109,91,244981,#1840f8
113,105,244982,#1840f8
113,104,244983,#a8e8f8
95,85,244984,#1840f8
94,85,244985,#3bc6f8
94,84,244986,#1840f8
93,84,244987,#1840f8
93,83,244988,#1840f8
92,83,244989,#1840f8
84,88,244990,#3bc6f8
83,88,244991,#1840f8
80,107,244992,#1840f8
80,106,244993,#3bc6f8
80,105,244994,#3bc6f8
80,104,244995,#3bc6f8
79,104,244996,#1840f8
79,103,244997,#1840f8
81,96,244998,#1840f8
80,96,244999,#1840f8
80,95,245000,#1840f8
80,94,245001,#a8e8f8
80,93,245002,#a8e8f8
79,93,245003,#1840f8
79,92,245004,#1840f8
105,84,245005,#3bc6f8
105,83,245006,#1840f8
104,83,245007,#3bc6f8
104,82,245008,#1840f8
114,104,245009,#1840f8
109,101,245010,#3bc6f8
109,100,245011,#3bc6f8
109,99,245012,#a8e8f8
110,98,245013,#3bc6f8
109,102,245014,#3bc6f8
108,91,245015,#dff4f8
107,89,245016,#a8e8f8
107,88,245017,#3bc6f8
105,85,245018,#a8e8f8
104,84,245019,#a8e8f8
103,83,245020,#a8e8f8
103,82,245021,#3bc6f8
93,85,245022,#a8e8f8
92,84,245023,#3bc6f8
91,84,245024,#a8e8f8
84,89,245025,#dff4f8
83,89,245026,#a8e8f8
81,95,245027,#3bc6f8
81,94,245028,#a8e8f8
81,106,245029,#3bc6f8
81,105,245030,#3bc6f8
81,104,245031,#a8e8f8
80,103,245032,#a8e8f8
85,111,245033,#a8e8f8
86,111,245034,#a8e8f8
88,112,245035,#3bc6f8
89,113,245036,#3bc6f8
90,113,245037,#3bc6f8
103,115,245038,#1840f8
112,104,245039,#a8e8f8
113,103,245040,#a8e8f8
113,102,245041,#dff4f8
114,102,245042,#3bc6f8
114,103,245043,#3bc6f8
108,100,245044,#a8e8f8
108,99,245045,#a8e8f8
109,98,245046,#dff4f8
109,97,245047,#dff4f8
107,90,245048,#dff4f8
106,89,245049,#dff4f8
104,85,245050,#dff4f8
103,84,245051,#dff4f8
102,83,245052,#a8e8f8
102,82,245053,#a8e8f8
101,82,245054,#a8e8f8
93,86,245055,#a8e8f8
92,85,245056,#dff4f8
91,85,245057,#dff4f8
83,90,245058,#a8e8f8
82,90,245059,#a8e8f8
80,92,245060,#a8e8f8
79,94,245061,#1840f8
80,102,245062,#dff4f8
81,103,245063,#a8e8f8
82,104,245064,#a8e8f8
82,105,245065,#a8e8f8
82,106,245066,#a8e8f8
84,110,245067,#a8e8f8
85,110,245068,#dff4f8
87,111,245069,#a8e8f8
108,98,245070,#dff4f8
110,96,245071,#dff4f8
112,103,245072,#dff4f8
113,101,245073,#dff4f8
113,100,245074,#dff4f8
107,91,245075,#dff4f8
106,90,245076,#dff4f8
105,89,245077,#dff4f8
104,89,245078,#dff4f8
103,85,245079,#dff4f8
102,84,245080,#dff4f8
101,84,245081,#dff4f8
101,83,245082,#dff4f8
100,83,245083,#dff4f8
99,83,245084,#dff4f8
99,82,245085,#dff4f8
98,82,245086,#dff4f8
92,86,245087,#dff4f8
90,85,245088,#dff4f8
90,84,245089,#dff4f8
84,90,245090,#dff4f8
84,91,245091,#dff4f8
83,91,245092,#dff4f8
81,92,245093,#dff4f8
81,93,245094,#dff4f8
82,94,245095,#dff4f8
80,101,245096,#dff4f8
81,101,245097,#dff4f8
81,102,245098,#dff4f8
82,102,245099,#dff4f8
82,103,245100,#dff4f8
79,101,245101,#dff4f8
95,91,245102,#a8e8f8
98,92,245103,#3bc6f8
90,95,245104,#3bc6f8
89,94,245105,#a8e8f8
88,93,245106,#3bc6f8
87,98,245107,#3bc6f8
86,99,245108,#3bc6f8
85,99,245109,#3bc6f8
85,100,245110,#a8e8f8
97,92,245111,#a8e8f8
96,92,245112,#a8e8f8
94,91,245113,#dff4f8
94,90,245114,#a8e8f8
89,95,245115,#a8e8f8
88,94,245116,#a8e8f8
87,94,245117,#a8e8f8
86,94,245118,#a8e8f8
86,100,245119,#a8e8f8
84,100,245120,#a8e8f8
84,101,245121,#dff4f8
83,101,245122,#a8e8f8
83,100,245123,#a8e8f8
84,109,245124,#dff4f8
85,109,245125,#dff4f8
86,110,245126,#dff4f8
83,102,245127,#dff4f8
85,101,245128,#dff4f8
86,95,245129,#dff4f8
87,95,245130,#dff4f8
88,95,245131,#dff4f8
88,96,245132,#dff4f8
93,91,245133,#dff4f8
94,92,245134,#dff4f8
95,92,245135,#dff4f8
96,116,245136,#282828
97,116,245137,#282828
98,117,245138,#282828
99,117,245139,#282828
100,117,245140,#282828
101,117,245141,#282828
100,116,245142,#1840f8
99,116,245143,#1840f8
98,116,245144,#1840f8
101,116,245145,#1840f8
102,116,245146,#282828
103,116,245147,#282828
102,117,245148,#282828
87,116,245149,#000000
88,116,245150,#000000
89,116,245151,#000000
87,115,245152,#000000
86,115,245153,#000000
86,114,245154,#000000
85,114,245155,#000000
92,115,245156,#f8c880
91,115,245157,#f8ebce
88,115,245158,#d86020
87,114,245159,#f8ebce
93,115,245160,#d86020
90,115,245161,#f8ebce
