138,131,444265,#000000
137,131,444266,#000000
136,131,444267,#000000
138,132,444268,#000000
138,133,444269,#000000
138,134,444270,#000000
138,135,444271,#000000
138,136,444272,#000000
138,137,444273,#000000
138,138,444274,#000000
138,139,444275,#000000
138,140,444276,#000000
138,142,444277,#000000
138,143,444278,#000000
138,141,444279,#000000
137,143,444280,#000000
136,143,444281,#000000
135,142,444282,#000000
134,141,444283,#000000
134,140,444284,#000000
133,139,444285,#000000
132,140,444286,#000000
131,140,444287,#000000
130,141,444288,#000000
129,142,444289,#000000
129,143,444290,#000000
135,131,444291,#000000
134,132,444292,#000000
133,132,444293,#000000
132,133,444294,#000000
131,133,444295,#000000
131,134,444296,#000000
130,134,444297,#000000
129,134,444298,#000000
130,135,444299,#000000
128,133,444300,#000000
127,132,444301,#000000
127,133,444302,#000000
127,134,444303,#000000
127,135,444304,#000000
126,136,444305,#000000
126,137,444306,#000000
124,136,444307,#000000
124,137,444308,#000000
124,138,444309,#000000
124,139,444310,#000000
124,140,444311,#000000
123,137,444312,#000000
123,138,444313,#000000
128,144,444314,#000000
127,145,444315,#000000
127,146,444316,#000000
126,147,444317,#000000
125,148,444318,#000000
124,149,444319,#000000
123,149,444320,#000000
122,148,444321,#000000
121,147,444322,#000000
120,146,444323,#000000
119,145,444324,#000000
118,144,444325,#000000
117,143,444326,#000000
117,142,444327,#000000
117,141,444328,#000000
117,140,444329,#000000
117,139,444330,#000000
117,138,444331,#000000
118,137,444332,#000000
118,136,444333,#000000
119,135,444334,#000000
119,134,444335,#000000
120,134,444336,#000000
120,133,444337,#000000
120,132,444338,#000000
121,133,444339,#000000
121,134,444340,#000000
121,131,444341,#000000
122,130,444342,#000000
122,129,444343,#000000
123,128,444344,#000000
124,127,444345,#000000
125,126,444346,#000000
125,125,444347,#000000
126,124,444348,#000000
126,123,444349,#000000
127,122,444350,#000000
127,121,444351,#000000
128,120,444352,#000000
128,119,444353,#000000
129,118,444354,#000000
129,117,444355,#000000
130,116,444356,#000000
130,115,444357,#000000
131,114,444358,#000000
131,113,444359,#000000
131,112,444360,#000000
130,113,444361,#000000
132,111,444362,#000000
133,110,444363,#000000
134,109,444364,#000000
135,108,444365,#000000
136,108,444366,#000000
137,107,444367,#000000
138,107,444368,#000000
139,107,444369,#000000
139,106,444370,#000000
139,105,444371,#000000
139,104,444372,#000000
138,103,444373,#000000
137,103,444374,#000000
136,103,444375,#000000
135,103,444376,#000000
134,103,444377,#000000
133,104,444378,#000000
132,104,444379,#000000
131,104,444380,#000000
130,105,444381,#000000
129,105,444382,#000000
128,105,444383,#000000
127,105,444384,#000000
127,106,444385,#000000
127,107,444386,#000000
127,108,444387,#000000
127,109,444388,#000000
127,110,444389,#000000
126,108,444390,#000000
125,108,444391,#000000
124,107,444392,#000000
123,106,444393,#000000
123,107,444394,#000000
123,108,444395,#000000
123,109,444396,#000000
123,110,444397,#000000
123,111,444398,#000000
120,118,444399,#000000
121,116,444400,#000000
121,115,444401,#000000
118,122,444402,#000000
114,127,444403,#000000
115,126,444404,#000000
116,125,444405,#000000
112,126,444406,#000000
112,125,444407,#000000
112,124,444408,#000000
112,123,444409,#000000
111,135,444410,#000000
111,134,444411,#000000
111,133,444412,#000000
111,132,444413,#000000
111,131,444414,#000000
111,130,444415,#000000
111,129,444416,#000000
111,128,444417,#000000
111,127,444418,#000000
110,133,444419,#000000
110,132,444420,#000000
110,131,444421,#000000
110,130,444422,#000000
110,129,444423,#000000
109,131,444424,#000000
109,130,444425,#000000
109,129,444426,#000000
109,128,444427,#000000
109,127,444428,#000000
109,126,444429,#000000
108,128,444430,#000000
112,136,444431,#000000
112,137,444432,#000000
113,138,444433,#000000
114,139,444434,#000000
115,140,444435,#000000
116,139,444436,#000000
116,140,444437,#000000
116,141,444438,#000000
116,142,444439,#000000
115,142,444440,#000000
114,143,444441,#000000
113,144,444442,#000000
113,145,444443,#000000
112,146,444444,#000000
111,147,444445,#000000
110,148,444446,#000000
109,149,444447,#000000
108,150,444448,#000000
107,150,444449,#000000
106,151,444450,#000000
106,152,444451,#000000
106,153,444452,#000000
105,154,444453,#000000
105,155,444454,#000000
105,156,444455,#000000
105,157,444456,#000000
105,158,444457,#000000
106,127,444458,#000000
106,126,444459,#000000
106,128,444460,#000000
106,129,444461,#000000
106,130,444462,#000000
106,131,444463,#000000
107,132,444464,#000000
107,133,444465,#000000
105,128,444466,#000000
104,128,444467,#000000
105,132,444468,#000000
105,133,444469,#000000
105,134,444470,#000000
105,135,444471,#000000
105,136,444472,#000000
104,159,444473,#000000
103,136,444474,#000000
102,136,444475,#000000
102,135,444476,#000000
101,131,444477,#000000
101,130,444478,#000000
100,132,444479,#000000
100,133,444480,#000000
99,134,444481,#000000
99,135,444482,#000000
103,128,444483,#000000
100,138,444484,#000000
103,135,444485,#282828
103,134,444486,#282828
103,133,444487,#282828
103,132,444488,#282828
103,131,444489,#282828
103,130,444490,#282828
103,129,444491,#282828
102,126,444492,#282828
102,127,444493,#282828
102,128,444494,#282828
102,129,444495,#282828
102,130,444496,#282828
102,131,444497,#282828
102,132,444498,#282828
102,133,444499,#282828
102,134,444500,#282828
101,132,444501,#505050
101,133,444502,#505050
101,134,444503,#505050
101,135,444504,#505050
100,134,444505,#505050
100,135,444506,#505050
101,136,444507,#505050
101,137,444508,#505050
101,138,444509,#505050
101,139,444510,#505050
101,140,444511,#a00800
97,143,444512,#000000
97,142,444513,#000000
97,141,444514,#000000
97,140,444515,#000000
97,139,444516,#000000
97,138,444517,#000000
98,140,444518,#282828
98,139,444519,#282828
98,138,444520,#282828
98,137,444521,#282828
98,136,444522,#282828
98,135,444523,#282828
98,134,444524,#282828
98,133,444525,#282828
97,144,444526,#000000
97,145,444527,#000000
97,146,444528,#000000
97,147,444529,#000000
97,148,444530,#000000
97,149,444531,#000000
97,150,444532,#000000
97,151,444533,#000000
97,152,444534,#000000
97,153,444535,#000000
97,156,444536,#000000
97,157,444537,#000000
97,155,444538,#000000
97,154,444539,#000000
104,161,444540,#000000
104,160,444541,#000000
104,162,444542,#000000
104,163,444543,#000000
104,164,444544,#000000
104,165,444545,#000000
98,159,444546,#000000
98,160,444547,#000000
98,161,444548,#000000
98,162,444549,#000000
98,163,444550,#000000
98,164,444551,#000000
97,161,444552,#000000
96,160,444553,#000000
95,160,444554,#000000
94,160,444555,#000000
93,160,444556,#000000
92,160,444557,#000000
94,161,444558,#000000
93,161,444559,#000000
92,161,444560,#000000
91,161,444561,#000000
89,160,444562,#000000
90,160,444563,#000000
88,161,444564,#000000
87,162,444565,#000000
86,162,444566,#000000
85,162,444567,#000000
85,161,444568,#000000
86,160,444569,#000000
84,163,444570,#000000
93,159,444571,#000000
93,158,444572,#000000
93,157,444573,#000000
93,156,444574,#000000
93,155,444575,#000000
93,154,444576,#000000
93,153,444577,#000000
93,152,444578,#000000
94,152,444579,#000000
94,157,444580,#000000
94,156,444581,#000000
95,155,444582,#000000
95,158,444583,#000000
92,152,444584,#000000
92,153,444585,#000000
92,154,444586,#000000
92,155,444587,#000000
91,155,444588,#000000
91,154,444589,#000000
90,156,444590,#000000
90,159,444591,#000000
90,157,444592,#a0a0a0
90,158,444593,#a0a0a0
91,156,444594,#a0a0a0
92,156,444595,#a0a0a0
92,157,444596,#a0a0a0
92,158,444597,#a0a0a0
92,159,444598,#a0a0a0
91,159,444599,#a0a0a0
91,157,444600,#ffffff
91,158,444601,#ffffff
85,159,444602,#000000
84,159,444603,#000000
83,158,444604,#000000
82,158,444605,#000000
84,157,444606,#000000
82,156,444607,#000000
83,156,444608,#000000
81,155,444609,#000000
80,154,444610,#000000
81,154,444611,#000000
82,154,444612,#000000
83,154,444613,#000000
84,153,444614,#000000
84,152,444615,#000000
83,151,444616,#000000
82,150,444617,#000000
81,149,444618,#000000
80,148,444619,#000000
80,147,444620,#000000
81,148,444621,#000000
82,148,444622,#000000
83,148,444623,#000000
84,148,444624,#000000
85,148,444625,#000000
84,147,444626,#000000
84,143,444627,#000000
87,143,444628,#000000
84,144,444629,#000000
84,145,444630,#000000
84,146,444631,#000000
85,144,444632,#000000
86,145,444633,#000000
86,146,444634,#000000
87,146,444635,#000000
87,145,444636,#000000
87,144,444637,#000000
89,145,444638,#000000
90,145,444639,#000000
90,146,444640,#000000
90,147,444641,#000000
90,151,444642,#000000
90,152,444643,#000000
91,151,444644,#000000
91,150,444645,#000000
91,149,444646,#000000
92,149,444647,#000000
92,150,444648,#000000
91,145,444649,#000000
92,145,444650,#000000
92,146,444651,#000000
92,147,444652,#000000
93,147,444653,#000000
91,144,444654,#000000
92,144,444655,#000000
93,144,444656,#000000
95,144,444657,#000000
95,145,444658,#000000
96,145,444659,#000000
91,143,444660,#000000
92,143,444661,#000000
91,142,444662,#000000
92,142,444663,#000000
93,142,444664,#000000
94,142,444665,#000000
91,141,444666,#000000
92,141,444667,#000000
93,141,444668,#000000
91,140,444669,#000000
92,140,444670,#000000
93,140,444671,#000000
91,139,444672,#000000
92,139,444673,#000000
93,139,444674,#000000
91,138,444675,#000000
92,138,444676,#000000
93,138,444677,#000000
91,137,444678,#000000
91,136,444679,#000000
90,136,444680,#000000
93,137,444681,#000000
93,136,444682,#000000
94,136,444683,#000000
94,137,444684,#000000
90,135,444685,#000000
90,134,444686,#000000
90,133,444687,#000000
90,132,444688,#000000
89,132,444689,#000000
89,131,444690,#000000
89,130,444691,#000000
89,129,444692,#000000
88,128,444693,#000000
88,127,444694,#000000
88,126,444695,#000000
88,125,444696,#000000
88,124,444697,#000000
87,124,444698,#000000
87,123,444699,#000000
87,122,444700,#000000
93,135,444701,#000000
94,135,444702,#000000
94,134,444703,#000000
93,134,444704,#000000
93,133,444705,#000000
93,132,444706,#000000
94,132,444707,#000000
94,133,444708,#000000
93,131,444709,#000000
94,131,444710,#000000
93,130,444711,#000000
94,130,444712,#000000
93,129,444713,#000000
93,128,444714,#000000
93,127,444715,#000000
93,126,444716,#000000
93,125,444717,#000000
93,124,444718,#000000
93,123,444719,#000000
93,122,444720,#000000
93,121,444721,#000000
92,121,444722,#000000
92,122,444723,#000000
92,123,444724,#000000
92,124,444725,#000000
92,125,444726,#000000
92,126,444727,#000000
92,127,444728,#000000
92,120,444729,#000000
91,121,444730,#000000
91,120,444731,#000000
91,122,444732,#000000
91,119,444733,#000000
91,118,444734,#000000
94,143,444735,#d09018
94,144,444736,#d09018
94,145,444737,#d09018
93,145,444738,#d09018
93,146,444739,#d09018
94,146,444740,#d09018
95,146,444741,#d09018
96,146,444742,#d09018
92,148,444743,#d09018
93,148,444744,#d09018
94,148,444745,#d09018
95,148,444746,#d09018
96,148,444747,#d09018
96,147,444748,#d09018
95,147,444749,#d09018
94,147,444750,#d09018
94,149,444751,#d09018
94,150,444752,#d09018
94,151,444753,#d09018
95,152,444754,#d09018
96,152,444755,#d09018
91,160,444756,#d09018
88,160,444757,#d09018
88,159,444758,#d09018
87,160,444759,#d09018
87,161,444760,#d09018
86,161,444761,#d09018
86,159,444762,#d09018
86,158,444763,#d09018
85,158,444764,#d09018
84,158,444765,#d09018
84,156,444766,#d09018
84,155,444767,#d09018
84,154,444768,#d09018
82,155,444769,#d09018
83,155,444770,#d09018
85,156,444771,#d09018
85,154,444772,#d09018
85,153,444773,#d09018
86,154,444774,#d09018
82,149,444775,#d09018
83,150,444776,#d09018
84,151,444777,#d09018
83,149,444778,#d09018
84,149,444779,#d09018
85,149,444780,#d09018
86,149,444781,#d09018
86,148,444782,#d09018
86,147,444783,#d09018
85,147,444784,#d09018
85,146,444785,#d09018
85,145,444786,#d09018
87,147,444787,#d09018
88,144,444788,#d09018
89,146,444789,#d09018
89,147,444790,#d09018
89,148,444791,#d09018
89,153,444792,#d09018
84,150,444793,#f8e048
85,150,444794,#f8e048
86,150,444795,#f8e048
86,151,444796,#f8e048
87,151,444797,#f8e048
88,151,444798,#f8e048
89,151,444799,#f8e048
89,150,444800,#f8e048
90,150,444801,#f8e048
88,150,444802,#f8e048
88,149,444803,#f8e048
87,149,444804,#f8e048
87,150,444805,#f8e048
87,148,444806,#f8e048
88,148,444807,#f8e048
88,147,444808,#f8e048
88,146,444809,#f8e048
88,145,444810,#f8e048
89,149,444811,#f8e048
90,149,444812,#f8e048
90,148,444813,#f8e048
91,148,444814,#f8e048
91,147,444815,#f8e048
91,146,444816,#f8e048
85,151,444817,#f8e048
85,152,444818,#f8e048
86,152,444819,#f8e048
87,152,444820,#f8e048
88,152,444821,#f8e048
89,152,444822,#f8e048
86,153,444823,#f8e048
87,153,444824,#f8e048
88,153,444825,#f8e048
88,154,444826,#f8e048
87,154,444827,#f8e048
87,155,444828,#f8e048
86,155,444829,#f8e048
85,155,444830,#f8e048
87,156,444831,#f8e048
86,156,444832,#f8e048
86,157,444833,#f8e048
87,157,444834,#f8e048
85,157,444835,#f8e048
87,158,444836,#f8e048
87,159,444837,#f8e048
88,158,444838,#f8e048
89,158,444839,#f8e048
89,157,444840,#f8e048
88,157,444841,#f8e048
88,156,444842,#f8e048
89,156,444843,#f8e048
88,155,444844,#f8e048
89,155,444845,#f8e048
90,155,444846,#f8e048
89,154,444847,#f8e048
89,159,444848,#f8e048
90,154,444849,#f8e048
90,153,444850,#f8e048
91,153,444851,#f8e048
91,152,444852,#f8e048
92,151,444853,#f8e048
93,151,444854,#f8e048
93,150,444855,#f8e048
93,149,444856,#f8e048
95,157,444857,#3bc6f8
96,157,444858,#3bc6f8
96,158,444859,#3bc6f8
93,143,444860,#1840f8
95,149,444861,#d86020
96,149,444862,#d86020
95,151,444863,#d86020
96,151,444864,#d86020
94,154,444865,#d86020
94,153,444866,#d86020
94,158,444867,#d86020
94,159,444868,#d86020
95,150,444869,#f8c880
96,150,444870,#f8c880
94,155,444871,#fb9043
95,153,444872,#fb9043
96,153,444873,#fb9043
96,159,444874,#fb9043
95,154,444875,#f8c880
96,154,444876,#f8c880
96,155,444877,#f8c880
96,156,444878,#ffffff
97,158,444879,#f8c880
97,159,444880,#f8c880
97,160,444881,#f8c880
95,159,444882,#f8c880
95,156,444883,#ffffff
99,159,444884,#282828
99,160,444885,#282828
99,161,444886,#282828
99,162,444887,#282828
99,163,444888,#282828
99,164,444889,#282828
99,165,444890,#282828
99,166,444891,#282828
103,159,444892,#282828
103,160,444893,#282828
103,161,444894,#282828
103,162,444895,#282828
103,163,444896,#282828
103,164,444897,#282828
103,165,444898,#282828
103,166,444899,#282828
103,167,444900,#282828
98,158,444901,#282828
98,157,444902,#282828
98,156,444903,#282828
98,155,444904,#282828
98,154,444905,#282828
98,153,444906,#282828
98,152,444907,#282828
99,152,444908,#282828
100,152,444909,#282828
101,152,444910,#282828
102,152,444911,#282828
102,151,444912,#282828
102,150,444913,#282828
103,150,444914,#282828
104,151,444915,#282828
105,151,444916,#282828
105,150,444917,#282828
99,151,444918,#282828
100,151,444919,#282828
100,153,444920,#282828
101,151,444921,#282828
102,153,444922,#282828
103,152,444923,#282828
103,151,444924,#282828
103,149,444925,#282828
104,150,444926,#282828
104,149,444927,#282828
104,148,444928,#282828
105,149,444929,#282828
106,149,444930,#282828
106,148,444931,#282828
106,150,444932,#282828
104,129,444933,#282828
104,130,444934,#282828
104,131,444935,#282828
104,132,444936,#282828
104,133,444937,#282828
104,134,444938,#282828
104,135,444939,#282828
105,129,444940,#282828
105,130,444941,#282828
105,131,444942,#282828
103,143,444943,#a00800
102,143,444944,#a00800
101,143,444945,#a00800
101,142,444946,#a00800
101,141,444947,#a00800
102,141,444948,#a00800
102,142,444949,#a00800
103,142,444950,#a00800
103,141,444951,#a00800
103,140,444952,#a00800
103,139,444953,#a00800
104,140,444954,#a00800
104,141,444955,#a00800
104,142,444956,#a00800
102,140,444957,#505050
102,139,444958,#505050
102,138,444959,#505050
102,137,444960,#505050
103,138,444961,#505050
103,137,444962,#505050
100,137,444963,#505050
99,137,444964,#505050
99,136,444965,#505050
100,136,444966,#505050
99,138,444967,#505050
99,139,444968,#505050
99,140,444969,#505050
99,141,444970,#505050
99,142,444971,#505050
99,143,444972,#505050
99,144,444973,#505050
99,145,444974,#505050
99,146,444975,#505050
99,147,444976,#505050
99,148,444977,#505050
99,149,444978,#505050
99,150,444979,#505050
98,151,444980,#505050
98,150,444981,#505050
98,149,444982,#505050
98,148,444983,#505050
98,147,444984,#505050
98,146,444985,#505050
98,145,444986,#505050
98,144,444987,#505050
98,143,444988,#505050
98,142,444989,#505050
98,141,444990,#505050
100,139,444991,#505050
100,140,444992,#505050
100,141,444993,#505050
100,142,444994,#505050
100,143,444995,#505050
100,144,444996,#505050
100,145,444997,#505050
100,146,444998,#505050
100,147,444999,#505050
100,148,445000,#505050
100,149,445001,#505050
100,150,445002,#505050
101,150,445003,#505050
101,149,445004,#505050
101,148,445005,#505050
101,147,445006,#505050
101,146,445007,#505050
101,145,445008,#505050
102,145,445009,#505050
102,144,445010,#505050
101,144,445011,#505050
103,144,445012,#505050
103,145,445013,#505050
103,146,445014,#505050
102,146,445015,#505050
102,147,445016,#505050
102,148,445017,#505050
102,149,445018,#505050
103,147,445019,#505050
104,145,445020,#505050
104,146,445021,#505050
104,147,445022,#505050
105,147,445023,#e84000
105,148,445024,#505050
103,148,445025,#505050
107,125,445026,#505050
107,126,445027,#505050
107,127,445028,#505050
107,128,445029,#505050
107,129,445030,#505050
107,130,445031,#505050
107,131,445032,#505050
108,129,445033,#505050
108,130,445034,#505050
108,131,445035,#505050
108,132,445036,#505050
108,133,445037,#505050
108,134,445038,#505050
108,135,445039,#505050
108,136,445040,#505050
109,136,445041,#505050
109,137,445042,#505050
110,137,445043,#505050
110,138,445044,#505050
110,139,445045,#505050
111,139,445046,#505050
111,140,445047,#505050
111,141,445048,#505050
112,141,445049,#505050
112,142,445050,#505050
113,142,445051,#505050
114,142,445052,#505050
114,141,445053,#505050
115,141,445054,#505050
114,140,445055,#505050
113,139,445056,#505050
112,138,445057,#505050
111,137,445058,#505050
111,136,445059,#505050
110,136,445060,#505050
110,135,445061,#505050
110,134,445062,#505050
109,135,445063,#505050
109,134,445064,#505050
109,133,445065,#505050
109,132,445066,#505050
111,138,445067,#505050
112,139,445068,#505050
112,140,445069,#505050
113,140,445070,#505050
113,141,445071,#505050
99,155,445072,#505050
99,154,445073,#505050
99,153,445074,#505050
99,156,445075,#505050
99,157,445076,#505050
99,158,445077,#505050
100,158,445078,#505050
101,158,445079,#505050
101,157,445080,#505050
100,157,445081,#505050
100,156,445082,#505050
101,156,445083,#505050
101,155,445084,#505050
100,155,445085,#505050
102,155,445086,#505050
101,154,445087,#505050
101,153,445088,#505050
100,154,445089,#505050
102,154,445090,#505050
103,154,445091,#505050
103,153,445092,#505050
104,153,445093,#505050
104,152,445094,#505050
105,152,445095,#505050
105,153,445096,#505050
104,154,445097,#505050
104,155,445098,#505050
104,156,445099,#505050
103,156,445100,#505050
103,157,445101,#505050
103,158,445102,#505050
104,158,445103,#505050
104,157,445104,#505050
102,156,445105,#505050
103,155,445106,#505050
102,157,445107,#505050
102,158,445108,#505050
102,159,445109,#505050
102,160,445110,#505050
102,161,445111,#505050
102,162,445112,#505050
102,163,445113,#505050
102,164,445114,#505050
102,165,445115,#505050
102,166,445116,#505050
102,167,445117,#505050
101,167,445118,#1840f8
101,166,445119,#505050
101,165,445120,#505050
101,164,445121,#505050
101,163,445122,#505050
101,162,445123,#505050
101,161,445124,#505050
101,160,445125,#505050
101,159,445126,#505050
100,159,445127,#505050
100,160,445128,#505050
100,161,445129,#505050
100,162,445130,#505050
100,163,445131,#505050
100,164,445132,#505050
100,165,445133,#505050
100,166,445134,#505050
100,167,445135,#1840f8
107,148,445136,#e84000
107,149,445137,#e84000
108,149,445138,#e84000
108,148,445139,#e84000
109,148,445140,#e84000
109,147,445141,#e84000
109,146,445142,#e84000
110,146,445143,#e84000
110,145,445144,#e84000
110,144,445145,#e84000
111,144,445146,#e84000
111,143,445147,#e84000
109,145,445148,#e84000
108,146,445149,#e84000
108,145,445150,#e84000
107,145,445151,#e84000
107,144,445152,#e84000
107,143,445153,#e84000
105,145,445154,#e84000
105,146,445155,#e84000
106,147,445156,#e84000
111,142,445157,#e84000
110,141,445158,#e84000
112,143,445159,#e84000
113,143,445160,#e84000
112,144,445161,#e84000
112,145,445162,#e84000
111,145,445163,#e84000
111,146,445164,#e84000
110,147,445165,#e84000
104,136,445166,#e84000
104,137,445167,#e84000
105,137,445168,#e84000
106,137,445169,#e84000
106,132,445170,#e84000
106,133,445171,#e84000
106,134,445172,#e84000
106,135,445173,#e84000
106,136,445174,#e84000
105,138,445175,#f89840
106,138,445176,#f89840
107,138,445177,#f89840
108,138,445178,#f89840
108,137,445179,#f89840
107,137,445180,#f89840
107,136,445181,#f89840
107,135,445182,#f89840
107,134,445183,#f89840
104,138,445184,#f89840
104,139,445185,#f89840
105,140,445186,#f89840
106,140,445187,#f89840
106,139,445188,#f89840
107,139,445189,#f89840
105,139,445190,#f89840
107,140,445191,#f89840
108,140,445192,#f89840
108,139,445193,#f89840
109,139,445194,#f89840
109,140,445195,#f89840
109,138,445196,#f89840
110,140,445197,#f89840
109,141,445198,#f89840
109,142,445199,#f89840
109,143,445200,#f89840
109,144,445201,#f89840
110,143,445202,#f89840
110,142,445203,#f89840
108,142,445204,#f89840
107,142,445205,#f89840
106,142,445206,#f89840
105,142,445207,#f89840
105,141,445208,#f89840
106,141,445209,#f89840
107,141,445210,#f89840
108,141,445211,#f89840
106,143,445212,#f89840
106,144,445213,#f89840
105,144,445214,#f89840
104,144,445215,#f89840
104,143,445216,#f89840
105,143,445217,#f89840
106,145,445218,#f89840
106,146,445219,#f89840
107,146,445220,#f89840
107,147,445221,#f89840
108,147,445222,#f89840
108,144,445223,#f89840
108,143,445224,#f89840
120,135,445225,#e84000
121,135,445226,#e84000
122,135,445227,#e84000
122,134,445228,#e84000
122,136,445229,#e84000
122,137,445230,#e84000
122,138,445231,#e84000
122,139,445232,#e84000
122,140,445233,#e84000
122,141,445234,#e84000
122,142,445235,#e84000
122,143,445236,#e84000
122,144,445237,#e84000
121,143,445238,#e84000
120,143,445239,#e84000
120,142,445240,#e84000
119,142,445241,#e84000
119,141,445242,#e84000
118,141,445243,#e84000
120,144,445244,#e84000
121,144,445245,#e84000
121,145,445246,#e84000
122,145,445247,#e84000
122,146,445248,#e84000
122,147,445249,#e84000
123,146,445250,#e84000
123,145,445251,#e84000
123,144,445252,#e84000
121,142,445253,#e84000
121,141,445254,#e84000
120,141,445255,#e84000
119,140,445256,#e84000
118,140,445257,#e84000
118,139,445258,#e84000
118,138,445259,#e84000
119,138,445260,#e84000
119,137,445261,#e84000
119,136,445262,#e84000
120,136,445263,#e84000
120,137,445264,#e84000
121,137,445265,#e84000
121,138,445266,#e84000
121,139,445267,#e84000
120,139,445268,#e84000
120,138,445269,#e84000
121,136,445270,#e84000
119,139,445271,#e84000
120,140,445272,#e84000
121,140,445273,#e84000
125,134,445274,#e84000
125,135,445275,#e84000
125,136,445276,#e84000
125,137,445277,#e84000
125,138,445278,#e84000
125,139,445279,#e84000
125,140,445280,#e84000
125,141,445281,#e84000
125,142,445282,#e84000
125,143,445283,#e84000
128,137,445284,#e84000
128,136,445285,#e84000
128,135,445286,#e84000
129,135,445287,#e84000
129,136,445288,#e84000
130,136,445289,#e84000
130,137,445290,#e84000
131,137,445291,#282828
131,138,445292,#e84000
131,139,445293,#e84000
130,139,445294,#e84000
130,138,445295,#e84000
129,137,445296,#e84000
128,134,445297,#e84000
127,136,445298,#e84000
127,137,445299,#e84000
127,138,445300,#e84000
127,139,445301,#e84000
127,140,445302,#e84000
128,140,445303,#e84000
128,139,445304,#e84000
128,138,445305,#e84000
129,138,445306,#e84000
130,140,445307,#e84000
129,140,445308,#e84000
129,141,445309,#e84000
128,141,445310,#e84000
127,141,445311,#e84000
127,142,445312,#e84000
127,143,445313,#e84000
126,143,445314,#e84000
126,142,445315,#e84000
129,139,445316,#e84000
126,141,445317,#e84000
126,140,445318,#e84000
126,139,445319,#e84000
126,138,445320,#e84000
128,142,445321,#e84000
128,143,445322,#e84000
127,144,445323,#e84000
126,144,445324,#e84000
125,144,445325,#e84000
124,144,445326,#e84000
126,145,445327,#e84000
126,146,445328,#e84000
125,146,445329,#e84000
124,146,445330,#e84000
124,145,445331,#e84000
125,145,445332,#e84000
123,147,445333,#e84000
124,147,445334,#e84000
125,147,445335,#e84000
123,148,445336,#e84000
124,148,445337,#e84000
123,143,445338,#e84000
124,143,445339,#e84000
124,142,445340,#e84000
123,142,445341,#e84000
124,141,445342,#e84000
123,141,445343,#e84000
123,140,445344,#e84000
123,139,445345,#e84000
118,142,445346,#f89840
118,143,445347,#f89840
119,143,445348,#f89840
119,144,445349,#f89840
120,145,445350,#f89840
121,146,445351,#f89840
131,135,445352,#282828
131,136,445353,#282828
132,137,445354,#282828
132,138,445355,#282828
132,139,445356,#282828
133,138,445357,#282828
133,137,445358,#282828
134,137,445359,#282828
134,136,445360,#505050
135,136,445361,#282828
135,137,445362,#282828
136,137,445363,#282828
136,138,445364,#282828
137,138,445365,#282828
137,139,445366,#282828
137,140,445367,#282828
137,141,445368,#282828
137,142,445369,#282828
137,137,445370,#282828
137,136,445371,#282828
137,135,445372,#282828
136,135,445373,#282828
135,135,445374,#282828
136,136,445375,#282828
137,134,445376,#282828
137,133,445377,#282828
137,132,445378,#282828
132,135,445379,#505050
132,134,445380,#505050
133,134,445381,#a0a0a0
133,133,445382,#505050
134,133,445383,#505050
135,133,445384,#505050
135,132,445385,#505050
136,132,445386,#505050
136,133,445387,#505050
136,134,445388,#505050
135,134,445389,#505050
134,134,445390,#a0a0a0
133,135,445391,#a0a0a0
132,136,445392,#505050
133,136,445393,#505050
134,135,445394,#505050
135,138,445395,#d86020
136,139,445396,#d86020
136,140,445397,#d86020
135,139,445398,#fb9043
135,140,445399,#fb9043
136,141,445400,#f8c880
134,138,445401,#f8c880
136,142,445402,#f8ebce
135,141,445403,#f8ebce
134,139,445404,#f8ebce
112,127,445405,#e84000
112,128,445406,#e84000
112,129,445407,#e84000
112,130,445408,#e84000
112,131,445409,#e84000
112,134,445410,#e84000
112,135,445411,#e84000
113,135,445412,#e84000
113,136,445413,#e84000
114,137,445414,#e84000
114,138,445415,#e84000
113,137,445416,#e84000
115,138,445417,#e84000
115,139,445418,#e84000
116,138,445419,#e84000
116,137,445420,#e84000
117,136,445421,#e84000
115,137,445422,#e84000
117,137,445423,#e84000
113,126,445424,#e84000
113,127,445425,#e84000
113,125,445426,#e84000
114,128,445427,#e84000
115,127,445428,#e84000
116,126,445429,#e84000
117,121,445430,#e84000
117,122,445431,#e84000
117,123,445432,#e84000
117,124,445433,#e84000
117,125,445434,#e84000
118,124,445435,#e84000
118,123,445436,#e84000
119,123,445437,#e84000
119,122,445438,#e84000
119,121,445439,#e84000
119,120,445440,#e84000
119,119,445441,#e84000
119,118,445442,#e84000
119,117,445443,#e84000
121,118,445444,#e84000
120,119,445445,#e84000
121,117,445446,#e84000
122,117,445447,#e84000
122,116,445448,#e84000
122,115,445449,#e84000
122,114,445450,#e84000
122,113,445451,#e84000
122,112,445452,#e84000
122,111,445453,#e84000
122,110,445454,#e84000
123,112,445455,#e84000
124,108,445456,#e84000
124,109,445457,#e84000
125,109,445458,#e84000
126,109,445459,#e84000
126,110,445460,#e84000
126,111,445461,#e84000
127,111,445462,#e84000
128,111,445463,#e84000
128,112,445464,#e84000
129,112,445465,#e84000
129,113,445466,#e84000
130,114,445467,#e84000
128,114,445468,#e84000
128,115,445469,#e84000
127,116,445470,#e84000
126,116,445471,#e84000
126,117,445472,#e84000
126,118,445473,#e84000
126,119,445474,#e84000
126,114,445475,#e84000
126,115,445476,#e84000
127,117,445477,#e84000
125,120,445478,#e84000
124,120,445479,#e84000
124,121,445480,#e84000
124,122,445481,#e84000
124,123,445482,#e84000
123,123,445483,#e84000
123,124,445484,#e84000
123,125,445485,#e84000
122,125,445486,#e84000
122,126,445487,#e84000
122,127,445488,#e84000
121,127,445489,#e84000
121,128,445490,#e84000
120,128,445491,#e84000
120,129,445492,#e84000
120,130,445493,#e84000
119,130,445494,#e84000
119,131,445495,#e84000
118,131,445496,#e84000
118,132,445497,#e84000
117,132,445498,#e84000
117,133,445499,#e84000
117,134,445500,#e84000
116,134,445501,#e84000
116,135,445502,#e84000
115,135,445503,#e84000
115,136,445504,#e84000
124,117,445505,#e84000
124,118,445506,#e84000
124,119,445507,#e84000
121,126,445508,#e84000
121,125,445509,#e84000
121,124,445510,#e84000
121,123,445511,#e84000
121,122,445512,#e84000
117,128,445513,#e84000
118,129,445514,#e84000
117,131,445515,#e84000
118,130,445516,#e84000
119,127,445517,#e84000
119,126,445518,#e84000
129,114,445519,#e84000
129,115,445520,#e84000
129,116,445521,#e84000
128,116,445522,#e84000
128,117,445523,#e84000
128,118,445524,#e84000
127,118,445525,#e84000
127,119,445526,#e84000
127,120,445527,#e84000
126,121,445528,#e84000
126,122,445529,#e84000
126,120,445530,#e84000
125,121,445531,#e84000
125,122,445532,#e84000
125,123,445533,#e84000
125,124,445534,#e84000
124,124,445535,#e84000
124,125,445536,#e84000
124,126,445537,#e84000
123,126,445538,#e84000
123,127,445539,#e84000
122,128,445540,#e84000
121,129,445541,#e84000
121,130,445542,#e84000
120,131,445543,#e84000
119,132,445544,#e84000
119,133,445545,#e84000
118,133,445546,#e84000
118,134,445547,#e84000
118,135,445548,#e84000
117,135,445549,#e84000
116,136,445550,#e84000
112,132,445551,#f89840
112,133,445552,#f89840
113,133,445553,#f89840
113,134,445554,#f89840
114,134,445555,#f89840
114,135,445556,#f89840
114,136,445557,#f89840
114,133,445558,#f89840
114,132,445559,#f89840
114,131,445560,#f89840
113,131,445561,#f89840
113,130,445562,#f89840
113,129,445563,#f89840
113,128,445564,#f89840
113,132,445565,#f89840
115,131,445566,#f89840
115,130,445567,#f89840
116,130,445568,#f89840
116,129,445569,#f89840
115,129,445570,#f89840
114,130,445571,#f89840
115,128,445572,#f89840
116,128,445573,#f89840
114,129,445574,#f89840
115,132,445575,#f89840
115,133,445576,#f89840
115,134,445577,#f89840
116,132,445578,#f89840
116,133,445579,#f89840
116,131,445580,#f89840
117,130,445581,#f89840
117,129,445582,#f89840
116,127,445583,#f89840
117,127,445584,#f89840
117,126,445585,#f89840
118,126,445586,#f89840
118,127,445587,#f89840
118,125,445588,#f89840
119,125,445589,#f89840
119,124,445590,#f89840
118,128,445591,#f89840
119,128,445592,#f89840
119,129,445593,#f89840
120,127,445594,#f89840
120,126,445595,#f89840
120,125,445596,#f89840
120,124,445597,#f89840
120,123,445598,#f89840
120,122,445599,#f89840
120,121,445600,#f89840
120,120,445601,#f89840
121,120,445602,#f89840
121,121,445603,#f89840
122,121,445604,#f89840
122,120,445605,#f89840
123,120,445606,#f89840
123,121,445607,#f89840
123,122,445608,#f89840
122,122,445609,#f89840
122,123,445610,#f89840
122,124,445611,#f89840
121,119,445612,#f89840
122,119,445613,#f89840
123,119,445614,#f89840
123,118,445615,#f89840
122,118,445616,#f89840
123,117,445617,#f89840
123,116,445618,#f89840
123,115,445619,#f89840
123,114,445620,#f89840
124,114,445621,#f89840
124,113,445622,#f89840
123,113,445623,#f89840
125,113,445624,#f89840
126,113,445625,#f89840
126,112,445626,#f89840
127,113,445627,#f89840
128,113,445628,#f89840
127,112,445629,#f89840
127,114,445630,#f89840
127,115,445631,#f89840
125,119,445632,#f89840
125,118,445633,#f89840
125,117,445634,#f89840
125,116,445635,#f89840
125,115,445636,#f89840
125,114,445637,#f89840
124,116,445638,#f89840
124,115,445639,#f89840
124,112,445640,#f89840
124,111,445641,#f89840
124,110,445642,#f89840
125,111,445643,#f89840
125,112,445644,#f89840
125,110,445645,#f89840
128,106,445646,#282828
128,107,445647,#282828
128,108,445648,#282828
128,109,445649,#282828
129,109,445650,#282828
129,110,445651,#282828
129,111,445652,#282828
128,110,445653,#282828
130,111,445654,#282828
131,111,445655,#282828
131,110,445656,#282828
132,110,445657,#282828
132,109,445658,#282828
132,108,445659,#282828
132,107,445660,#505050
132,106,445661,#505050
132,105,445662,#282828
131,105,445663,#282828
133,105,445664,#282828
134,105,445665,#282828
134,104,445666,#282828
135,104,445667,#282828
136,104,445668,#282828
137,104,445669,#282828
138,104,445670,#282828
133,109,445671,#282828
133,108,445672,#282828
134,108,445673,#282828
134,107,445674,#282828
135,107,445675,#282828
135,106,445676,#282828
135,105,445677,#282828
134,106,445678,#505050
133,106,445679,#505050
133,107,445680,#505050
131,106,445681,#505050
131,107,445682,#505050
131,108,445683,#505050
130,107,445684,#505050
130,106,445685,#505050
131,109,445686,#a0a0a0
130,109,445687,#a0a0a0
130,110,445688,#a0a0a0
130,108,445689,#a0a0a0
129,108,445690,#a0a0a0
129,107,445691,#a0a0a0
129,106,445692,#a0a0a0
137,105,445693,#fb9043
138,105,445694,#d86020
138,106,445695,#fb9043
136,105,445696,#f8c880
137,106,445697,#f8ebce
136,106,445698,#f8c880
136,107,445699,#f8c880
99,167,445700,#1840f8
99,168,445701,#1840f8
98,165,445702,#000000
98,166,445703,#000000
99,169,445704,#3bc6f8
99,170,445705,#3bc6f8
99,171,445706,#a8e8f8
99,172,445707,#a8e8f8
99,173,445708,#a8e8f8
103,168,445709,#1840f8
103,169,445710,#1840f8
103,170,445711,#3bc6f8
103,171,445712,#3bc6f8
103,172,445713,#a8e8f8
103,173,445714,#a8e8f8
103,174,445715,#a8e8f8
103,175,445716,#a8e8f8
99,174,445717,#a8e8f8
99,175,445718,#a8e8f8
98,175,445719,#3bc6f8
98,176,445720,#3bc6f8
97,176,445721,#1840f8
97,177,445722,#f8c880
96,177,445723,#000000
96,178,445724,#f8c880
95,178,445725,#000000
94,178,445726,#000000
94,179,445727,#000000
95,179,445728,#1840f8
95,180,445729,#1840f8
96,180,445730,#d86020
96,181,445731,#000000
97,181,445732,#d86020
97,182,445733,#000000
97,183,445734,#000000
98,183,445735,#1840f8
98,184,445736,#3bc6f8
99,184,445737,#a8e8f8
100,184,445738,#3bc6f8
101,184,445739,#1840f8
102,184,445740,#1840f8
103,184,445741,#1840f8
103,183,445742,#000000
104,183,445743,#000000
104,182,445744,#000000
104,181,445745,#000000
104,180,445746,#000000
104,179,445747,#1840f8
104,178,445748,#3bc6f8
104,177,445749,#3bc6f8
104,176,445750,#a8e8f8
103,176,445751,#a8e8f8
97,180,445752,#f8c880
98,180,445753,#f8ebce
99,181,445754,#1840f8
98,181,445755,#d86020
99,182,445756,#a8e8f8
98,182,445757,#1840f8
99,183,445758,#a8e8f8
100,183,445759,#3bc6f8
100,182,445760,#3bc6f8
101,183,445761,#1840f8
101,182,445762,#1840f8
96,179,445763,#1840f8
97,179,445764,#1840f8
98,179,445765,#1840f8
99,180,445766,#1840f8
100,181,445767,#3bc6f8
101,181,445768,#1840f8
102,181,445769,#d86020
102,182,445770,#d86020
102,183,445771,#1840f8
103,182,445772,#d86020
103,181,445773,#d86020
103,180,445774,#1840f8
102,180,445775,#1840f8
102,179,445776,#3bc6f8
102,178,445777,#3bc6f8
102,177,445778,#a8e8f8
101,178,445779,#3bc6f8
101,179,445780,#3bc6f8
101,180,445781,#1840f8
101,177,445782,#a8e8f8
101,176,445783,#a8e8f8
103,179,445784,#1840f8
103,178,445785,#3bc6f8
100,177,445786,#a8e8f8
100,176,445787,#a8e8f8
99,177,445788,#3bc6f8
99,176,445789,#3bc6f8
98,177,445790,#1840f8
97,178,445791,#f8c880
98,178,445792,#1840f8
99,179,445793,#1840f8
100,179,445794,#3bc6f8
100,180,445795,#1840f8
99,178,445796,#3bc6f8
100,178,445797,#a8e8f8
102,176,445798,#a8e8f8
101,175,445799,#a8e8f8
100,175,445800,#a8e8f8
103,177,445801,#3bc6f8
100,174,445802,#a8e8f8
100,173,445803,#a8e8f8
100,172,445804,#a8e8f8
100,171,445805,#a8e8f8
100,170,445806,#3bc6f8
100,169,445807,#3bc6f8
100,168,445808,#1840f8
102,168,445809,#1840f8
102,169,445810,#1840f8
102,170,445811,#3bc6f8
102,171,445812,#3bc6f8
102,172,445813,#a8e8f8
102,173,445814,#a8e8f8
102,174,445815,#a8e8f8
102,175,445816,#a8e8f8
101,168,445817,#1840f8
101,169,445818,#1840f8
101,170,445819,#3bc6f8
101,171,445820,#a8e8f8
101,172,445821,#a8e8f8
101,173,445822,#a8e8f8
101,174,445823,#a8e8f8
96,175,445824,#1840f8
97,175,445825,#1840f8
97,184,445826,#1840f8
96,184,445827,#1840f8
96,185,445828,#1840f8
95,187,445829,#1840f8
95,186,445830,#1840f8
96,186,445831,#1840f8
97,186,445832,#1840f8
98,186,445833,#1840f8
99,186,445834,#1840f8
99,185,445835,#1840f8
100,185,445836,#1840f8
100,186,445837,#1840f8
101,186,445838,#1840f8
102,186,445839,#3bc6f8
102,187,445840,#1840f8
103,187,445841,#1840f8
104,187,445842,#1840f8
105,187,445843,#1840f8
106,187,445844,#1840f8
107,187,445845,#1840f8
108,187,445846,#1840f8
109,187,445847,#1840f8
110,187,445848,#1840f8
111,187,445849,#1840f8
112,187,445850,#1840f8
112,186,445851,#1840f8
113,186,445852,#1840f8
113,185,445853,#3bc6f8
114,185,445854,#1840f8
115,184,445855,#1840f8
116,184,445856,#1840f8
116,183,445857,#1840f8
116,182,445858,#3bc6f8
117,182,445859,#1840f8
117,181,445860,#1840f8
117,180,445861,#1840f8
117,179,445862,#1840f8
117,178,445863,#1840f8
117,177,445864,#1840f8
117,176,445865,#1840f8
117,175,445866,#1840f8
117,174,445867,#1840f8
116,174,445868,#3bc6f8
116,173,445869,#1840f8
115,173,445870,#3bc6f8
115,172,445871,#3bc6f8
115,171,445872,#1840f8
114,171,445873,#1840f8
114,170,445874,#1840f8
113,170,445875,#1840f8
113,169,445876,#1840f8
112,169,445877,#1840f8
112,168,445878,#1840f8
111,168,445879,#1840f8
111,167,445880,#1840f8
110,167,445881,#1840f8
110,166,445882,#1840f8
109,166,445883,#1840f8
104,184,445884,#1840f8
105,184,445885,#1840f8
106,184,445886,#1840f8
107,184,445887,#1840f8
107,183,445888,#1840f8
108,183,445889,#1840f8
109,183,445890,#1840f8
109,182,445891,#1840f8
110,182,445892,#1840f8
110,181,445893,#1840f8
111,181,445894,#1840f8
111,180,445895,#1840f8
112,180,445896,#1840f8
112,179,445897,#1840f8
113,179,445898,#3bc6f8
113,178,445899,#1840f8
113,177,445900,#1840f8
113,176,445901,#1840f8
113,175,445902,#1840f8
112,175,445903,#1840f8
112,174,445904,#1840f8
112,173,445905,#1840f8
112,172,445906,#1840f8
111,172,445907,#1840f8
111,171,445908,#1840f8
111,170,445909,#1840f8
111,169,445910,#1840f8
110,169,445911,#1840f8
110,168,445912,#1840f8
94,187,445913,#1840f8
94,188,445914,#1840f8
94,189,445915,#1840f8
94,190,445916,#1840f8
94,191,445917,#1840f8
95,191,445918,#1840f8
95,192,445919,#1840f8
96,192,445920,#1840f8
96,193,445921,#1840f8
97,193,445922,#1840f8
98,193,445923,#1840f8
99,194,445924,#3bc6f8
100,194,445925,#3bc6f8
101,194,445926,#1840f8
102,194,445927,#1840f8
103,195,445928,#3bc6f8
104,195,445929,#1840f8
105,195,445930,#1840f8
106,195,445931,#1840f8
107,195,445932,#1840f8
108,195,445933,#1840f8
109,195,445934,#1840f8
109,194,445935,#3bc6f8
110,194,445936,#3bc6f8
111,194,445937,#3bc6f8
113,193,445938,#3bc6f8
114,193,445939,#3bc6f8
114,192,445940,#3bc6f8
115,192,445941,#1840f8
116,192,445942,#1840f8
116,191,445943,#1840f8
117,191,445944,#1840f8
117,190,445945,#1840f8
94,184,445946,#1840f8
93,184,445947,#1840f8
92,184,445948,#1840f8
91,184,445949,#1840f8
90,184,445950,#1840f8
89,184,445951,#1840f8
88,184,445952,#1840f8
83,187,445953,#1840f8
83,188,445954,#1840f8
83,189,445955,#1840f8
82,189,445956,#1840f8
82,190,445957,#1840f8
82,191,445958,#1840f8
82,192,445959,#1840f8
83,192,445960,#1840f8
83,193,445961,#1840f8
83,194,445962,#1840f8
84,194,445963,#1840f8
84,195,445964,#1840f8
85,195,445965,#1840f8
85,196,445966,#1840f8
86,196,445967,#1840f8
87,197,445968,#1840f8
88,197,445969,#1840f8
89,198,445970,#1840f8
90,198,445971,#1840f8
91,198,445972,#1840f8
92,198,445973,#1840f8
93,198,445974,#1840f8
94,198,445975,#1840f8
95,198,445976,#1840f8
96,198,445977,#1840f8
97,198,445978,#1840f8
98,198,445979,#1840f8
99,198,445980,#1840f8
99,197,445981,#1840f8
100,197,445982,#1840f8
101,197,445983,#1840f8
102,197,445984,#1840f8
103,197,445985,#1840f8
104,197,445986,#1840f8
104,196,445987,#1840f8
105,196,445988,#1840f8
106,196,445989,#1840f8
107,196,445990,#1840f8
108,196,445991,#1840f8
110,195,445992,#1840f8
87,185,445993,#1840f8
87,186,445994,#3bc6f8
86,186,445995,#1840f8
85,186,445996,#1840f8
85,187,445997,#1840f8
84,187,445998,#1840f8
84,188,445999,#1840f8
94,180,446000,#1840f8
93,180,446001,#1840f8
92,180,446002,#1840f8
91,180,446003,#1840f8
90,180,446004,#1840f8
89,180,446005,#1840f8
88,180,446006,#1840f8
87,180,446007,#1840f8
87,181,446008,#1840f8
86,181,446009,#1840f8
85,181,446010,#1840f8
84,181,446011,#1840f8
83,181,446012,#3bc6f8
83,182,446013,#1840f8
82,182,446014,#1840f8
81,182,446015,#1840f8
81,183,446016,#1840f8
80,183,446017,#1840f8
80,184,446018,#1840f8
79,184,446019,#1840f8
78,184,446020,#1840f8
78,185,446021,#1840f8
77,185,446022,#1840f8
77,186,446023,#1840f8
76,186,446024,#1840f8
76,187,446025,#1840f8
75,187,446026,#3bc6f8
75,188,446027,#1840f8
75,189,446028,#1840f8
75,190,446029,#1840f8
75,191,446030,#3bc6f8
75,192,446031,#3bc6f8
75,193,446032,#3bc6f8
76,193,446033,#1840f8
76,194,446034,#1840f8
76,195,446035,#3bc6f8
77,195,446036,#1840f8
77,196,446037,#1840f8
78,196,446038,#1840f8
78,197,446039,#1840f8
78,198,446040,#1840f8
95,177,446041,#1840f8
94,177,446042,#1840f8
93,177,446043,#1840f8
93,178,446044,#1840f8
92,178,446045,#1840f8
91,178,446046,#1840f8
90,178,446047,#1840f8
89,178,446048,#1840f8
88,178,446049,#1840f8
87,178,446050,#1840f8
86,178,446051,#1840f8
85,178,446052,#1840f8
84,178,446053,#1840f8
83,178,446054,#3bc6f8
83,177,446055,#1840f8
82,177,446056,#1840f8
81,177,446057,#3bc6f8
81,176,446058,#1840f8
80,176,446059,#1840f8
79,176,446060,#1840f8
78,176,446061,#1840f8
77,176,446062,#1840f8
76,176,446063,#1840f8
75,177,446064,#1840f8
74,177,446065,#1840f8
73,177,446066,#1840f8
73,178,446067,#1840f8
72,178,446068,#1840f8
72,179,446069,#1840f8
71,179,446070,#1840f8
71,180,446071,#1840f8
70,180,446072,#1840f8
70,181,446073,#1840f8
70,182,446074,#3bc6f8
69,182,446075,#1840f8
69,183,446076,#1840f8
68,184,446077,#1840f8
68,185,446078,#1840f8
68,186,446079,#1840f8
68,187,446080,#1840f8
68,188,446081,#1840f8
68,189,446082,#1840f8
68,190,446083,#1840f8
68,191,446084,#1840f8
68,192,446085,#1840f8
68,193,446086,#1840f8
69,193,446087,#3bc6f8
69,194,446088,#1840f8
69,195,446089,#1840f8
69,196,446090,#1840f8
70,196,446091,#1840f8
70,197,446092,#1840f8
70,198,446093,#1840f8
71,198,446094,#1840f8
72,199,446095,#1840f8
73,199,446096,#1840f8
73,200,446097,#1840f8
74,200,446098,#1840f8
75,200,446099,#1840f8
75,201,446100,#1840f8
76,201,446101,#1840f8
77,201,446102,#1840f8
78,201,446103,#1840f8
79,201,446104,#1840f8
80,201,446105,#1840f8
76,198,446106,#3bc6f8
77,199,446107,#3bc6f8
78,199,446108,#1840f8
78,200,446109,#1840f8
79,200,446110,#1840f8
80,202,446111,#1840f8
81,202,446112,#1840f8
105,179,446113,#1840f8
105,178,446114,#1840f8
106,178,446115,#1840f8
106,177,446116,#1840f8
106,176,446117,#1840f8
107,176,446118,#1840f8
107,175,446119,#1840f8
107,174,446120,#1840f8
107,173,446121,#1840f8
107,172,446122,#1840f8
107,171,446123,#1840f8
107,170,446124,#1840f8
106,170,446125,#1840f8
105,170,446126,#1840f8
105,169,446127,#1840f8
104,169,446128,#1840f8
98,168,446129,#1840f8
97,168,446130,#1840f8
96,168,446131,#1840f8
95,168,446132,#1840f8
95,169,446133,#1840f8
94,169,446134,#1840f8
104,168,446135,#1840f8
98,167,446136,#1840f8
97,167,446137,#1840f8
96,167,446138,#1840f8
95,167,446139,#1840f8
94,167,446140,#1840f8
93,167,446141,#1840f8
92,167,446142,#1840f8
91,167,446143,#1840f8
90,167,446144,#1840f8
89,167,446145,#1840f8
88,167,446146,#1840f8
87,167,446147,#1840f8
86,167,446148,#1840f8
85,167,446149,#1840f8
84,167,446150,#1840f8
83,167,446151,#1840f8
82,167,446152,#1840f8
81,167,446153,#1840f8
80,167,446154,#1840f8
79,167,446155,#1840f8
78,167,446156,#1840f8
77,167,446157,#1840f8
77,168,446158,#1840f8
76,168,446159,#1840f8
75,168,446160,#1840f8
74,168,446161,#1840f8
74,169,446162,#1840f8
73,169,446163,#1840f8
72,169,446164,#1840f8
72,170,446165,#1840f8
71,170,446166,#1840f8
70,170,446167,#1840f8
70,171,446168,#1840f8
69,171,446169,#1840f8
69,172,446170,#1840f8
68,172,446171,#1840f8
68,173,446172,#1840f8
73,171,446173,#1840f8
72,171,446174,#1840f8
71,172,446175,#1840f8
70,172,446176,#1840f8
74,171,446177,#1840f8
74,172,446178,#1840f8
74,173,446179,#1840f8
73,173,446180,#1840f8
73,174,446181,#1840f8
73,175,446182,#1840f8
75,172,446183,#1840f8
76,172,446184,#1840f8
76,171,446185,#1840f8
77,171,446186,#1840f8
78,171,446187,#1840f8
79,171,446188,#1840f8
80,171,446189,#1840f8
81,171,446190,#1840f8
81,170,446191,#1840f8
82,170,446192,#1840f8
83,170,446193,#1840f8
84,170,446194,#1840f8
85,170,446195,#1840f8
86,170,446196,#1840f8
87,170,446197,#1840f8
88,170,446198,#1840f8
89,170,446199,#1840f8
89,171,446200,#1840f8
90,171,446201,#1840f8
91,171,446202,#1840f8
92,171,446203,#1840f8
93,171,446204,#1840f8
94,171,446205,#1840f8
94,172,446206,#1840f8
95,172,446207,#3bc6f8
95,173,446208,#1840f8
95,174,446209,#1840f8
95,175,446210,#1840f8
71,171,446211,#3bc6f8
73,170,446212,#3bc6f8
74,170,446213,#3bc6f8
75,170,446214,#a8e8f8
75,169,446215,#3bc6f8
76,169,446216,#3bc6f8
77,169,446217,#3bc6f8
78,169,446218,#3bc6f8
78,168,446219,#3bc6f8
79,168,446220,#3bc6f8
80,168,446221,#3bc6f8
81,168,446222,#3bc6f8
82,168,446223,#3bc6f8
83,168,446224,#3bc6f8
84,168,446225,#3bc6f8
85,168,446226,#3bc6f8
86,168,446227,#3bc6f8
87,168,446228,#3bc6f8
88,168,446229,#3bc6f8
89,168,446230,#3bc6f8
90,168,446231,#3bc6f8
91,168,446232,#3bc6f8
92,168,446233,#3bc6f8
93,168,446234,#3bc6f8
94,168,446235,#3bc6f8
93,169,446236,#3bc6f8
93,170,446237,#3bc6f8
94,170,446238,#3bc6f8
95,170,446239,#3bc6f8
96,170,446240,#3bc6f8
96,169,446241,#3bc6f8
97,169,446242,#3bc6f8
98,169,446243,#3bc6f8
104,170,446244,#3bc6f8
104,171,446245,#3bc6f8
105,171,446246,#3bc6f8
105,172,446247,#3bc6f8
106,172,446248,#3bc6f8
106,171,446249,#3bc6f8
106,173,446250,#3bc6f8
106,174,446251,#3bc6f8
106,175,446252,#3bc6f8
105,175,446253,#3bc6f8
105,176,446254,#3bc6f8
105,177,446255,#3bc6f8
105,174,446256,#3bc6f8
105,173,446257,#3bc6f8
104,172,446258,#3bc6f8
98,170,446259,#3bc6f8
97,170,446260,#3bc6f8
98,174,446261,#3bc6f8
97,174,446262,#3bc6f8
96,174,446263,#3bc6f8
96,173,446264,#3bc6f8
96,172,446265,#3bc6f8
95,171,446266,#3bc6f8
92,170,446267,#3bc6f8
91,170,446268,#3bc6f8
90,170,446269,#3bc6f8
101,185,446270,#3bc6f8
102,185,446271,#3bc6f8
103,185,446272,#3bc6f8
104,185,446273,#3bc6f8
105,185,446274,#a8e8f8
106,185,446275,#a8e8f8
107,185,446276,#a8e8f8
108,185,446277,#a8e8f8
109,185,446278,#a8e8f8
109,184,446279,#3bc6f8
108,184,446280,#3bc6f8
110,184,446281,#3bc6f8
110,183,446282,#3bc6f8
111,183,446283,#a8e8f8
111,182,446284,#3bc6f8
112,182,446285,#3bc6f8
112,181,446286,#3bc6f8
113,181,446287,#3bc6f8
113,180,446288,#3bc6f8
114,179,446289,#3bc6f8
114,178,446290,#3bc6f8
114,177,446291,#3bc6f8
114,176,446292,#3bc6f8
114,175,446293,#a8e8f8
114,174,446294,#a8e8f8
113,174,446295,#3bc6f8
113,173,446296,#a8e8f8
113,172,446297,#a8e8f8
113,171,446298,#3bc6f8
112,171,446299,#3bc6f8
112,170,446300,#3bc6f8
103,186,446301,#3bc6f8
104,186,446302,#3bc6f8
105,186,446303,#3bc6f8
106,186,446304,#3bc6f8
107,186,446305,#3bc6f8
108,186,446306,#3bc6f8
109,186,446307,#3bc6f8
110,186,446308,#3bc6f8
111,186,446309,#3bc6f8
111,185,446310,#a8e8f8
112,185,446311,#a8e8f8
113,184,446312,#a8e8f8
114,184,446313,#3bc6f8
114,183,446314,#a8e8f8
115,183,446315,#3bc6f8
115,182,446316,#a8e8f8
116,181,446317,#3bc6f8
116,180,446318,#3bc6f8
116,179,446319,#3bc6f8
116,178,446320,#3bc6f8
116,177,446321,#3bc6f8
116,176,446322,#3bc6f8
116,175,446323,#3bc6f8
115,174,446324,#3bc6f8
114,172,446325,#a8e8f8
116,172,446326,#1840f8
95,185,446327,#3bc6f8
94,185,446328,#3bc6f8
93,185,446329,#3bc6f8
92,185,446330,#3bc6f8
91,185,446331,#3bc6f8
90,185,446332,#3bc6f8
89,186,446333,#3bc6f8
88,186,446334,#3bc6f8
89,185,446335,#3bc6f8
88,185,446336,#3bc6f8
87,187,446337,#3bc6f8
86,187,446338,#3bc6f8
86,188,446339,#3bc6f8
85,188,446340,#3bc6f8
85,189,446341,#a8e8f8
84,189,446342,#3bc6f8
84,190,446343,#3bc6f8
84,191,446344,#3bc6f8
83,191,446345,#3bc6f8
83,190,446346,#3bc6f8
84,192,446347,#3bc6f8
84,193,446348,#3bc6f8
85,193,446349,#3bc6f8
85,194,446350,#3bc6f8
86,194,446351,#3bc6f8
87,194,446352,#3bc6f8
87,195,446353,#3bc6f8
88,195,446354,#3bc6f8
86,195,446355,#3bc6f8
87,196,446356,#3bc6f8
88,196,446357,#3bc6f8
89,196,446358,#3bc6f8
89,197,446359,#3bc6f8
90,197,446360,#3bc6f8
91,197,446361,#3bc6f8
92,197,446362,#3bc6f8
93,197,446363,#3bc6f8
94,197,446364,#3bc6f8
95,197,446365,#3bc6f8
96,197,446366,#3bc6f8
97,197,446367,#3bc6f8
98,197,446368,#3bc6f8
98,196,446369,#3bc6f8
99,196,446370,#3bc6f8
100,196,446371,#3bc6f8
101,196,446372,#3bc6f8
102,196,446373,#3bc6f8
103,196,446374,#3bc6f8
101,195,446375,#3bc6f8
100,195,446376,#3bc6f8
99,195,446377,#3bc6f8
98,195,446378,#3bc6f8
97,195,446379,#3bc6f8
97,194,446380,#3bc6f8
96,194,446381,#3bc6f8
95,194,446382,#3bc6f8
95,193,446383,#3bc6f8
94,193,446384,#3bc6f8
94,192,446385,#3bc6f8
93,192,446386,#3bc6f8
93,191,446387,#3bc6f8
93,190,446388,#3bc6f8
93,189,446389,#3bc6f8
93,188,446390,#3bc6f8
93,187,446391,#3bc6f8
93,186,446392,#a8e8f8
94,186,446393,#3bc6f8
98,194,446394,#3bc6f8
102,195,446395,#3bc6f8
111,193,446396,#3bc6f8
112,193,446397,#3bc6f8
93,179,446398,#3bc6f8
92,179,446399,#3bc6f8
91,179,446400,#3bc6f8
90,179,446401,#3bc6f8
89,179,446402,#3bc6f8
88,179,446403,#3bc6f8
87,179,446404,#3bc6f8
86,179,446405,#3bc6f8
85,179,446406,#3bc6f8
84,179,446407,#a8e8f8
83,179,446408,#a8e8f8
82,178,446409,#3bc6f8
81,178,446410,#3bc6f8
80,177,446411,#3bc6f8
79,177,446412,#3bc6f8
78,177,446413,#3bc6f8
77,177,446414,#3bc6f8
76,177,446415,#3bc6f8
76,178,446416,#3bc6f8
75,178,446417,#3bc6f8
74,178,446418,#3bc6f8
74,179,446419,#3bc6f8
73,179,446420,#3bc6f8
73,180,446421,#3bc6f8
72,180,446422,#3bc6f8
72,181,446423,#3bc6f8
71,181,446424,#3bc6f8
71,182,446425,#3bc6f8
70,183,446426,#3bc6f8
70,184,446427,#3bc6f8
69,184,446428,#3bc6f8
69,185,446429,#3bc6f8
69,186,446430,#3bc6f8
69,187,446431,#3bc6f8
69,188,446432,#3bc6f8
69,189,446433,#3bc6f8
69,190,446434,#3bc6f8
69,191,446435,#3bc6f8
69,192,446436,#3bc6f8
70,193,446437,#3bc6f8
70,195,446438,#3bc6f8
71,195,446439,#3bc6f8
71,196,446440,#3bc6f8
70,194,446441,#3bc6f8
72,196,446442,#3bc6f8
72,197,446443,#3bc6f8
72,198,446444,#3bc6f8
73,198,446445,#3bc6f8
74,198,446446,#3bc6f8
74,199,446447,#3bc6f8
75,199,446448,#3bc6f8
76,199,446449,#3bc6f8
76,200,446450,#3bc6f8
77,200,446451,#3bc6f8
71,197,446452,#3bc6f8
86,180,446453,#3bc6f8
85,180,446454,#3bc6f8
84,180,446455,#a8e8f8
83,180,446456,#a8e8f8
82,181,446457,#3bc6f8
81,181,446458,#3bc6f8
80,181,446459,#3bc6f8
80,182,446460,#3bc6f8
79,182,446461,#3bc6f8
78,182,446462,#a8e8f8
78,183,446463,#3bc6f8
77,183,446464,#a8e8f8
77,184,446465,#3bc6f8
76,184,446466,#a8e8f8
76,185,446467,#3bc6f8
75,185,446468,#a8e8f8
75,186,446469,#a8e8f8
74,186,446470,#a8e8f8
74,187,446471,#a8e8f8
79,183,446472,#3bc6f8
74,188,446473,#3bc6f8
74,189,446474,#3bc6f8
74,190,446475,#3bc6f8
73,190,446476,#3bc6f8
73,191,446477,#3bc6f8
73,192,446478,#3bc6f8
73,193,446479,#a8e8f8
74,193,446480,#3bc6f8
74,194,446481,#3bc6f8
74,195,446482,#a8e8f8
74,196,446483,#a8e8f8
75,196,446484,#3bc6f8
75,197,446485,#a8e8f8
76,197,446486,#3bc6f8
77,198,446487,#3bc6f8
76,196,446488,#3bc6f8
75,195,446489,#3bc6f8
75,194,446490,#3bc6f8
74,191,446491,#3bc6f8
74,192,446492,#3bc6f8
77,197,446493,#3bc6f8
73,181,446494,#a8e8f8
74,181,446495,#a8e8f8
74,180,446496,#a8e8f8
75,180,446497,#a8e8f8
75,179,446498,#a8e8f8
76,179,446499,#a8e8f8
77,178,446500,#a8e8f8
78,178,446501,#a8e8f8
79,178,446502,#a8e8f8
80,178,446503,#a8e8f8
80,179,446504,#a8e8f8
81,179,446505,#a8e8f8
81,180,446506,#a8e8f8
82,180,446507,#a8e8f8
80,180,446508,#a8e8f8
79,180,446509,#a8e8f8
82,179,446510,#a8e8f8
79,179,446511,#a8e8f8
78,179,446512,#a8e8f8
77,179,446513,#a8e8f8
76,180,446514,#a8e8f8
75,181,446515,#a8e8f8
74,182,446516,#a8e8f8
73,182,446517,#a8e8f8
73,183,446518,#a8e8f8
72,183,446519,#a8e8f8
72,184,446520,#a8e8f8
72,185,446521,#a8e8f8
72,186,446522,#a8e8f8
72,187,446523,#a8e8f8
72,188,446524,#a8e8f8
71,188,446525,#a8e8f8
71,187,446526,#a8e8f8
71,186,446527,#a8e8f8
72,182,446528,#a8e8f8
71,183,446529,#a8e8f8
71,184,446530,#a8e8f8
70,185,446531,#a8e8f8
70,186,446532,#a8e8f8
70,187,446533,#a8e8f8
70,188,446534,#a8e8f8
70,189,446535,#a8e8f8
70,190,446536,#a8e8f8
70,191,446537,#a8e8f8
71,191,446538,#a8e8f8
71,192,446539,#a8e8f8
71,193,446540,#a8e8f8
72,193,446541,#a8e8f8
72,194,446542,#a8e8f8
72,195,446543,#a8e8f8
73,195,446544,#a8e8f8
73,196,446545,#a8e8f8
74,197,446546,#a8e8f8
75,198,446547,#a8e8f8
73,197,446548,#a8e8f8
70,192,446549,#a8e8f8
73,194,446550,#a8e8f8
71,194,446551,#a8e8f8
71,190,446552,#a8e8f8
71,189,446553,#a8e8f8
73,184,446554,#a8e8f8
74,183,446555,#a8e8f8
73,185,446556,#a8e8f8
71,185,446557,#a8e8f8
75,182,446558,#a8e8f8
76,181,446559,#a8e8f8
77,181,446560,#a8e8f8
78,181,446561,#a8e8f8
78,180,446562,#a8e8f8
77,182,446563,#a8e8f8
76,183,446564,#a8e8f8
75,184,446565,#a8e8f8
74,185,446566,#a8e8f8
73,188,446567,#a8e8f8
72,189,446568,#a8e8f8
73,187,446569,#a8e8f8
76,182,446570,#a8e8f8
75,183,446571,#a8e8f8
74,184,446572,#a8e8f8
77,180,446573,#a8e8f8
79,181,446574,#a8e8f8
73,186,446575,#a8e8f8
72,190,446576,#a8e8f8
72,191,446577,#a8e8f8
72,192,446578,#a8e8f8
73,189,446579,#a8e8f8
85,190,446580,#a8e8f8
86,189,446581,#a8e8f8
87,189,446582,#a8e8f8
87,188,446583,#a8e8f8
88,188,446584,#a8e8f8
88,187,446585,#a8e8f8
89,187,446586,#a8e8f8
90,187,446587,#a8e8f8
90,186,446588,#a8e8f8
91,186,446589,#a8e8f8
92,186,446590,#a8e8f8
91,187,446591,#a8e8f8
90,188,446592,#a8e8f8
91,188,446593,#a8e8f8
92,188,446594,#a8e8f8
90,189,446595,#a8e8f8
89,189,446596,#a8e8f8
88,190,446597,#a8e8f8
87,190,446598,#a8e8f8
89,190,446599,#a8e8f8
86,190,446600,#a8e8f8
86,191,446601,#a8e8f8
85,191,446602,#a8e8f8
88,189,446603,#a8e8f8
89,188,446604,#a8e8f8
92,187,446605,#a8e8f8
91,189,446606,#a8e8f8
90,190,446607,#a8e8f8
89,191,446608,#a8e8f8
88,191,446609,#a8e8f8
87,191,446610,#a8e8f8
91,190,446611,#a8e8f8
90,191,446612,#a8e8f8
87,192,446613,#a8e8f8
86,192,446614,#a8e8f8
85,192,446615,#a8e8f8
88,192,446616,#a8e8f8
89,192,446617,#a8e8f8
90,192,446618,#a8e8f8
90,193,446619,#a8e8f8
89,193,446620,#a8e8f8
88,193,446621,#a8e8f8
87,193,446622,#a8e8f8
88,194,446623,#a8e8f8
89,194,446624,#a8e8f8
86,193,446625,#a8e8f8
89,195,446626,#a8e8f8
90,195,446627,#a8e8f8
90,196,446628,#a8e8f8
91,196,446629,#a8e8f8
92,196,446630,#a8e8f8
93,196,446631,#a8e8f8
94,196,446632,#a8e8f8
95,196,446633,#a8e8f8
95,195,446634,#a8e8f8
96,195,446635,#a8e8f8
94,195,446636,#a8e8f8
93,195,446637,#a8e8f8
96,196,446638,#a8e8f8
97,196,446639,#a8e8f8
92,195,446640,#a8e8f8
91,195,446641,#a8e8f8
90,194,446642,#a8e8f8
91,194,446643,#a8e8f8
92,194,446644,#a8e8f8
93,194,446645,#a8e8f8
94,194,446646,#a8e8f8
92,193,446647,#a8e8f8
93,193,446648,#a8e8f8
91,192,446649,#a8e8f8
91,191,446650,#a8e8f8
91,193,446651,#a8e8f8
92,190,446652,#a8e8f8
92,189,446653,#a8e8f8
92,191,446654,#a8e8f8
92,192,446655,#a8e8f8
95,184,446656,#1840f8
75,171,446657,#a8e8f8
76,170,446658,#a8e8f8
77,170,446659,#a8e8f8
78,170,446660,#a8e8f8
79,170,446661,#a8e8f8
79,169,446662,#a8e8f8
80,169,446663,#a8e8f8
80,170,446664,#a8e8f8
81,169,446665,#a8e8f8
82,169,446666,#a8e8f8
83,169,446667,#a8e8f8
84,169,446668,#a8e8f8
85,169,446669,#a8e8f8
86,169,446670,#a8e8f8
87,169,446671,#a8e8f8
88,169,446672,#a8e8f8
89,169,446673,#a8e8f8
90,169,446674,#a8e8f8
91,169,446675,#a8e8f8
92,169,446676,#a8e8f8
96,171,446677,#a8e8f8
97,171,446678,#a8e8f8
98,171,446679,#a8e8f8
98,172,446680,#a8e8f8
98,173,446681,#a8e8f8
97,172,446682,#a8e8f8
97,173,446683,#a8e8f8
104,173,446684,#a8e8f8
104,174,446685,#a8e8f8
104,175,446686,#a8e8f8
98,185,446687,#3bc6f8
110,185,446689,#a8e8f8
112,184,446690,#a8e8f8
113,183,446691,#a8e8f8
111,184,446692,#a8e8f8
112,183,446693,#a8e8f8
114,182,446694,#a8e8f8
113,182,446695,#a8e8f8
114,181,446696,#a8e8f8
114,180,446697,#a8e8f8
115,180,446698,#a8e8f8
115,181,446699,#a8e8f8
115,179,446700,#a8e8f8
115,178,446701,#a8e8f8
115,177,446702,#a8e8f8
115,176,446703,#a8e8f8
115,175,446704,#a8e8f8
114,173,446705,#a8e8f8
120,184,446706,#1840f8
121,184,446707,#1840f8
121,183,446708,#1840f8
121,182,446709,#1840f8
121,181,446710,#1840f8
121,180,446711,#1840f8
121,179,446712,#1840f8
116,161,446713,#1840f8
116,160,446714,#1840f8
115,160,446715,#3bc6f8
115,159,446716,#1840f8
115,158,446717,#1840f8
114,158,446718,#3bc6f8
114,157,446719,#1840f8
127,175,446720,#1840f8
126,175,446721,#1840f8
126,174,446722,#1840f8
126,173,446723,#1840f8
126,172,446724,#1840f8
126,171,446725,#1840f8
126,170,446726,#1840f8
126,169,446727,#1840f8
126,168,446728,#1840f8
127,167,446729,#1840f8
127,166,446730,#1840f8
127,165,446731,#1840f8
126,165,446732,#3bc6f8
126,164,446733,#1840f8
126,163,446734,#1840f8
126,162,446735,#1840f8
126,161,446736,#1840f8
126,160,446737,#1840f8
125,160,446738,#1840f8
125,159,446739,#1840f8
126,159,446740,#1840f8
73,154,446801,#1840f8
73,153,446802,#1840f8
73,152,446803,#1840f8
73,151,446804,#1840f8
74,150,446805,#3bc6f8
74,149,446806,#3bc6f8
74,148,446807,#3bc6f8
74,147,446808,#3bc6f8
74,146,446809,#1840f8
74,145,446810,#1840f8
74,144,446811,#1840f8
75,140,446814,#1840f8
75,139,446815,#3bc6f8
75,138,446816,#a8e8f8
75,137,446817,#a8e8f8
75,136,446818,#a8e8f8
75,135,446819,#a8e8f8
74,125,446829,#a8e8f8
73,121,446833,#3bc6f8
72,121,446834,#1840f8
72,120,446835,#3bc6f8
72,119,446836,#3bc6f8
72,118,446837,#3bc6f8
71,118,446838,#1840f8
71,117,446839,#1840f8
71,116,446840,#1840f8
71,115,446841,#1840f8
71,114,446842,#1840f8
71,113,446843,#1840f8
71,112,446844,#1840f8
72,112,446845,#1840f8
72,111,446846,#1840f8
72,110,446847,#1840f8
61,187,446929,#1840f8
61,186,446930,#1840f8
61,185,446931,#1840f8
62,184,446932,#3bc6f8
62,183,446933,#1840f8
62,182,446934,#1840f8
63,182,446935,#3bc6f8
63,181,446936,#3bc6f8
63,180,446937,#3bc6f8
63,179,446938,#3bc6f8
62,178,446939,#1840f8
62,177,446940,#1840f8
61,176,446941,#1840f8
60,175,446942,#1840f8
60,174,446943,#1840f8
60,173,446944,#1840f8
61,173,446945,#3bc6f8
61,172,446946,#1840f8
62,172,446947,#3bc6f8
62,171,446948,#3bc6f8
62,170,446949,#1840f8
62,169,446950,#1840f8
62,168,446951,#3bc6f8
62,167,446952,#3bc6f8
62,166,446953,#3bc6f8
61,165,446954,#1840f8
61,164,446955,#1840f8
61,163,446956,#1840f8
126,192,446957,#1840f8
127,191,446958,#1840f8
128,190,446959,#1840f8
128,189,446960,#1840f8
129,189,446961,#1840f8
129,188,446962,#1840f8
129,187,446963,#1840f8
128,187,446964,#1840f8
128,186,446965,#1840f8
127,186,446966,#1840f8
126,186,446967,#1840f8
126,185,446968,#1840f8
125,185,446969,#3bc6f8
125,184,446970,#3bc6f8
126,183,446971,#3bc6f8
127,183,446972,#1840f8
127,182,446973,#1840f8
128,182,446974,#1840f8
128,181,446975,#1840f8
128,180,446976,#1840f8
128,179,446977,#1840f8
128,178,446978,#1840f8
68,163,446979,#3bc6f8
68,162,446980,#1840f8
68,161,446981,#1840f8
69,160,446982,#1840f8
69,159,446983,#1840f8
69,158,446984,#1840f8
69,157,446985,#3bc6f8
68,157,446986,#1840f8
68,156,446987,#3bc6f8
67,156,446988,#1840f8
67,155,446989,#3bc6f8
67,154,446990,#3bc6f8
67,153,446991,#3bc6f8
67,152,446992,#3bc6f8
66,151,446993,#1840f8
66,150,446994,#1840f8
106,119,446995,#1840f8
106,118,446996,#1840f8
105,118,446997,#a8e8f8
105,117,446998,#a8e8f8
105,116,446999,#3bc6f8
105,115,447000,#1840f8
105,114,447001,#1840f8
105,113,447002,#1840f8
105,112,447003,#1840f8
105,111,447004,#1840f8
104,110,447005,#3bc6f8
104,109,447006,#1840f8
104,108,447007,#1840f8
127,190,447008,#3bc6f8
127,189,447009,#3bc6f8
127,188,447010,#3bc6f8
127,187,447011,#3bc6f8
126,187,447012,#3bc6f8
125,187,447013,#a8e8f8
125,186,447014,#a8e8f8
124,185,447015,#a8e8f8
124,184,447016,#3bc6f8
125,183,447017,#3bc6f8
126,182,447018,#3bc6f8
126,181,447019,#3bc6f8
126,180,447020,#a8e8f8
125,175,447021,#3bc6f8
125,174,447022,#3bc6f8
125,173,447023,#3bc6f8
125,172,447024,#3bc6f8
125,171,447025,#3bc6f8
125,170,447026,#3bc6f8
125,169,447027,#3bc6f8
125,168,447028,#3bc6f8
125,167,447029,#3bc6f8
125,166,447030,#3bc6f8
126,166,447031,#3bc6f8
125,165,447032,#3bc6f8
125,164,447033,#3bc6f8
125,163,447034,#3bc6f8
125,162,447035,#3bc6f8
124,162,447036,#a8e8f8
124,161,447037,#3bc6f8
124,160,447038,#3bc6f8
125,161,447039,#3bc6f8
126,167,447040,#3bc6f8
128,188,447041,#3bc6f8
115,161,447042,#3bc6f8
114,160,447043,#3bc6f8
114,159,447044,#3bc6f8
113,158,447045,#a8e8f8
120,183,447046,#3bc6f8
120,182,447047,#3bc6f8
120,181,447048,#3bc6f8
120,180,447049,#3bc6f8
62,186,447050,#3bc6f8
62,185,447051,#3bc6f8
63,183,447052,#3bc6f8
63,178,447053,#3bc6f8
63,177,447054,#3bc6f8
62,176,447055,#3bc6f8
62,175,447056,#3bc6f8
62,174,447057,#3bc6f8
61,174,447058,#3bc6f8
62,173,447059,#3bc6f8
63,171,447060,#a8e8f8
63,170,447061,#a8e8f8
63,169,447062,#a8e8f8
63,168,447063,#a8e8f8
62,165,447064,#3bc6f8
69,163,447065,#3bc6f8
69,162,447066,#3bc6f8
69,161,447067,#3bc6f8
70,160,447068,#3bc6f8
70,159,447069,#a8e8f8
70,158,447070,#a8e8f8
70,157,447071,#a8e8f8
69,156,447072,#3bc6f8
68,155,447073,#3bc6f8
67,151,447074,#a8e8f8
74,153,447075,#3bc6f8
74,152,447076,#3bc6f8
74,151,447077,#3bc6f8
76,139,447078,#a8e8f8
74,124,447079,#a8e8f8
74,123,447080,#a8e8f8
74,122,447081,#a8e8f8
74,121,447082,#a8e8f8
73,120,447083,#a8e8f8
72,117,447084,#3bc6f8
72,116,447085,#3bc6f8
72,115,447086,#3bc6f8
72,114,447087,#3bc6f8
72,113,447088,#3bc6f8
73,113,447089,#3bc6f8
73,112,447090,#3bc6f8
104,116,447091,#a8e8f8
104,115,447092,#a8e8f8
104,114,447093,#a8e8f8
104,113,447094,#a8e8f8
104,112,447095,#3bc6f8
104,111,447096,#3bc6f8
103,110,447097,#3bc6f8
103,109,447098,#3bc6f8
126,189,447099,#a8e8f8
126,188,447100,#a8e8f8
124,183,447106,#a8e8f8
124,182,447107,#a8e8f8
125,181,447109,#a8e8f8
125,180,447110,#a8e8f8
126,179,447111,#a8e8f8
123,172,447112,#a8e8f8
123,171,447113,#a8e8f8
123,170,447114,#a8e8f8
124,170,447115,#a8e8f8
124,169,447116,#a8e8f8
124,168,447117,#a8e8f8
124,167,447118,#a8e8f8
124,166,447119,#a8e8f8
124,165,447120,#a8e8f8
124,164,447121,#a8e8f8
124,163,447122,#a8e8f8
113,159,447123,#a8e8f8
113,157,447124,#a8e8f8
113,156,447125,#a8e8f8
119,180,447126,#a8e8f8
119,179,447127,#a8e8f8
119,178,447128,#a8e8f8
64,176,447129,#a8e8f8
64,175,447130,#a8e8f8
64,174,447131,#a8e8f8
63,174,447132,#a8e8f8
63,173,447133,#a8e8f8
63,172,447134,#a8e8f8
63,167,447135,#a8e8f8
63,166,447136,#a8e8f8
63,165,447137,#a8e8f8
63,164,447138,#a8e8f8
69,155,447139,#a8e8f8
69,154,447140,#a8e8f8
68,154,447141,#a8e8f8
68,153,447142,#a8e8f8
68,152,447143,#a8e8f8
68,151,447144,#a8e8f8
67,150,447145,#a8e8f8
67,149,447146,#a8e8f8
75,151,447147,#a8e8f8
75,150,447148,#a8e8f8
75,149,447149,#a8e8f8
75,148,447150,#a8e8f8
75,147,447151,#a8e8f8
75,146,447152,#a8e8f8
74,120,447153,#a8e8f8
73,119,447154,#a8e8f8
73,118,447155,#a8e8f8
73,117,447156,#a8e8f8
73,116,447157,#a8e8f8
73,115,447158,#a8e8f8
104,117,447159,#a8e8f8
103,113,447160,#a8e8f8
103,112,447161,#a8e8f8
103,111,447162,#a8e8f8
97,185,447163,#3bc6f8
