138,131,41584,#000000
137,131,41585,#000000
136,131,41586,#000000
138,132,41587,#000000
138,133,41588,#000000
138,134,41589,#000000
138,135,41590,#000000
138,136,41591,#000000
138,137,41592,#000000
138,138,41593,#000000
138,139,41594,#000000
138,140,41595,#000000
138,142,41596,#000000
138,143,41597,#000000
138,141,41598,#000000
137,143,41599,#000000
136,143,41600,#000000
135,142,41601,#000000
134,141,41602,#000000
134,140,41603,#000000
133,139,41604,#000000
132,140,41605,#000000
131,140,41606,#000000
130,141,41607,#000000
129,142,41608,#000000
129,143,41609,#000000
135,131,41610,#000000
134,132,41611,#000000
133,132,41612,#000000
132,133,41613,#000000
131,133,41614,#000000
131,134,41615,#000000
130,134,41616,#000000
129,134,41617,#000000
130,135,41618,#000000
128,133,41619,#000000
127,132,41620,#000000
127,133,41621,#000000
127,134,41622,#000000
127,135,41623,#000000
126,136,41624,#000000
126,137,41625,#000000
124,136,41626,#000000
124,137,41627,#000000
124,138,41628,#000000
124,139,41629,#000000
124,140,41630,#000000
123,137,41631,#000000
123,138,41632,#000000
128,144,41633,#000000
127,145,41634,#000000
127,146,41635,#000000
126,147,41636,#000000
125,148,41637,#000000
124,149,41638,#000000
123,149,41639,#000000
122,148,41640,#000000
121,147,41641,#000000
120,146,41642,#000000
119,145,41643,#000000
118,144,41644,#000000
117,143,41645,#000000
117,142,41646,#000000
117,141,41647,#000000
117,140,41648,#000000
117,139,41649,#000000
117,138,41650,#000000
118,137,41651,#000000
118,136,41652,#000000
119,135,41653,#000000
119,134,41654,#000000
120,134,41655,#000000
120,133,41656,#000000
120,132,41657,#000000
121,133,41658,#000000
121,134,41659,#000000
121,131,41660,#000000
122,130,41661,#000000
122,129,41662,#000000
123,128,41663,#000000
124,127,41664,#000000
125,126,41665,#000000
125,125,41666,#000000
126,124,41667,#000000
126,123,41668,#000000
127,122,41669,#000000
127,121,41670,#000000
128,120,41671,#000000
128,119,41672,#000000
129,118,41673,#000000
129,117,41674,#000000
130,116,41675,#000000
130,115,41676,#000000
131,114,41677,#000000
131,113,41678,#000000
131,112,41679,#000000
130,113,41680,#000000
132,111,41681,#000000
133,110,41682,#000000
134,109,41683,#000000
135,108,41684,#000000
136,108,41685,#000000
137,107,41686,#000000
138,107,41687,#000000
139,107,41688,#000000
139,106,41689,#000000
139,105,41690,#000000
139,104,41691,#000000
138,103,41692,#000000
137,103,41693,#000000
136,103,41694,#000000
135,103,41695,#000000
134,103,41696,#000000
133,104,41697,#000000
132,104,41698,#000000
131,104,41699,#000000
130,105,41700,#000000
129,105,41701,#000000
128,105,41702,#000000
127,105,41703,#000000
127,106,41704,#000000
127,107,41705,#000000
127,108,41706,#000000
127,109,41707,#000000
127,110,41708,#000000
126,108,41709,#000000
125,108,41710,#000000
124,107,41711,#000000
123,106,41712,#000000
123,107,41713,#000000
123,108,41714,#000000
123,109,41715,#000000
123,110,41716,#000000
123,111,41717,#000000
120,118,41718,#000000
121,116,41719,#000000
121,115,41720,#000000
118,122,41721,#000000
114,127,41722,#000000
115,126,41723,#000000
116,125,41724,#000000
112,126,41725,#000000
112,125,41726,#000000
112,124,41727,#000000
112,123,41728,#000000
111,135,41729,#000000
111,134,41730,#000000
111,133,41731,#000000
111,132,41732,#000000
111,131,41733,#000000
111,130,41734,#000000
111,129,41735,#000000
111,128,41736,#000000
111,127,41737,#000000
110,133,41738,#000000
110,132,41739,#000000
110,131,41740,#000000
110,130,41741,#000000
110,129,41742,#000000
109,131,41743,#000000
109,130,41744,#000000
109,129,41745,#000000
109,128,41746,#000000
109,127,41747,#000000
109,126,41748,#000000
108,128,41749,#000000
112,136,41750,#000000
112,137,41751,#000000
113,138,41752,#000000
114,139,41753,#000000
115,140,41754,#000000
116,139,41755,#000000
116,140,41756,#000000
116,141,41757,#000000
116,142,41758,#000000
115,142,41759,#000000
114,143,41760,#000000
113,144,41761,#000000
113,145,41762,#000000
112,146,41763,#000000
111,147,41764,#000000
110,148,41765,#000000
109,149,41766,#000000
108,150,41767,#000000
107,150,41768,#000000
106,151,41769,#000000
106,152,41770,#000000
106,153,41771,#000000
105,154,41772,#000000
105,155,41773,#000000
105,156,41774,#000000
105,157,41775,#000000
105,158,41776,#000000
106,127,41777,#000000
106,126,41778,#000000
106,128,41779,#000000
106,129,41780,#000000
106,130,41781,#000000
106,131,41782,#000000
107,132,41783,#000000
107,133,41784,#000000
105,128,41785,#000000
104,128,41786,#000000
105,132,41787,#000000
105,133,41788,#000000
105,134,41789,#000000
105,135,41790,#000000
105,136,41791,#000000
104,159,41792,#000000
103,136,41793,#000000
102,136,41794,#000000
102,135,41795,#000000
101,131,41796,#000000
101,130,41797,#000000
100,132,41798,#000000
100,133,41799,#000000
99,134,41800,#000000
99,135,41801,#000000
103,128,41802,#000000
100,138,41803,#000000
103,135,41804,#282828
103,134,41805,#282828
103,133,41806,#282828
103,132,41807,#282828
103,131,41808,#282828
103,130,41809,#282828
103,129,41810,#282828
102,126,41811,#282828
102,127,41812,#282828
102,128,41813,#282828
102,129,41814,#282828
102,130,41815,#282828
102,131,41816,#282828
102,132,41817,#282828
102,133,41818,#282828
102,134,41819,#282828
101,132,41820,#505050
101,133,41821,#505050
101,134,41822,#505050
101,135,41823,#505050
100,134,41824,#505050
100,135,41825,#505050
101,136,41826,#505050
101,137,41827,#505050
101,138,41828,#505050
101,139,41829,#505050
101,140,41830,#a00800
97,143,41831,#000000
97,142,41832,#000000
97,141,41833,#000000
97,140,41834,#000000
97,139,41835,#000000
97,138,41836,#000000
98,140,41837,#282828
98,139,41838,#282828
98,138,41839,#282828
98,137,41840,#282828
98,136,41841,#282828
98,135,41842,#282828
98,134,41843,#282828
98,133,41844,#282828
97,144,41845,#000000
97,145,41846,#000000
97,146,41847,#000000
97,147,41848,#000000
97,148,41849,#000000
97,149,41850,#000000
97,150,41851,#000000
97,151,41852,#000000
97,152,41853,#000000
97,153,41854,#000000
97,156,41855,#000000
97,157,41856,#000000
97,155,41857,#000000
97,154,41858,#000000
104,161,41859,#000000
104,160,41860,#000000
104,162,41861,#000000
104,163,41862,#000000
104,164,41863,#000000
104,165,41864,#000000
98,159,41865,#000000
98,160,41866,#000000
98,161,41867,#1840f8
98,162,41868,#3bc6f8
98,163,41869,#3bc6f8
98,164,41870,#a8e8f8
97,161,41871,#3bc6f8
96,160,41872,#1840f8
95,160,41873,#3bc6f8
94,160,41874,#3bc6f8
93,160,41875,#a8e8f8
92,160,41876,#a8e8f8
94,161,41877,#a8e8f8
93,161,41878,#a8e8f8
92,161,41879,#3bc6f8
91,161,41880,#1840f8
89,160,41881,#000000
90,160,41882,#1840f8
88,161,41883,#000000
87,162,41884,#000000
86,162,41885,#000000
85,162,41886,#000000
85,161,41887,#000000
86,160,41888,#000000
84,163,41889,#000000
93,159,41890,#3bc6f8
93,158,41891,#1840f8
93,157,41892,#1840f8
93,156,41893,#000000
93,155,41894,#000000
93,154,41895,#000000
93,153,41896,#000000
93,152,41897,#000000
94,152,41898,#000000
94,157,41899,#000000
94,156,41900,#000000
95,155,41901,#000000
95,158,41902,#000000
92,152,41903,#000000
92,153,41904,#000000
92,154,41905,#000000
92,155,41906,#000000
91,155,41907,#000000
91,154,41908,#000000
90,156,41909,#3bc6f8
90,159,41910,#1840f8
90,157,41911,#3bc6f8
90,158,41912,#3bc6f8
91,156,41913,#1840f8
92,156,41914,#a0a0a0
92,157,41915,#1840f8
92,158,41916,#3bc6f8
92,159,41917,#a8e8f8
91,159,41918,#3bc6f8
91,157,41919,#3bc6f8
91,158,41920,#a8e8f8
85,159,41921,#000000
84,159,41922,#000000
83,158,41923,#000000
82,158,41924,#000000
84,157,41925,#000000
82,156,41926,#000000
83,156,41927,#000000
81,155,41928,#000000
80,154,41929,#000000
81,154,41930,#000000
82,154,41931,#1840f8
83,154,41932,#3bc6f8
84,153,41933,#3bc6f8
84,152,41934,#3bc6f8
83,151,41935,#1840f8
82,150,41936,#000000
81,149,41937,#000000
80,148,41938,#000000
80,147,41939,#000000
81,148,41940,#000000
82,148,41941,#000000
83,148,41942,#000000
84,148,41943,#000000
85,148,41944,#000000
84,147,41945,#000000
84,143,41946,#000000
87,143,41947,#000000
84,144,41948,#000000
84,145,41949,#000000
84,146,41950,#000000
85,144,41951,#000000
86,145,41952,#000000
86,146,41953,#000000
87,146,41954,#000000
87,145,41955,#000000
87,144,41956,#000000
89,145,41957,#000000
90,145,41958,#000000
90,146,41959,#000000
90,147,41960,#000000
90,151,41961,#000000
90,152,41962,#000000
91,151,41963,#000000
91,150,41964,#000000
91,149,41965,#000000
92,149,41966,#000000
92,150,41967,#000000
91,145,41968,#000000
92,145,41969,#000000
92,146,41970,#000000
92,147,41971,#000000
93,147,41972,#000000
91,144,41973,#000000
92,144,41974,#000000
93,144,41975,#000000
95,144,41976,#000000
95,145,41977,#000000
96,145,41978,#000000
91,143,41979,#000000
92,143,41980,#000000
91,142,41981,#000000
92,142,41982,#000000
93,142,41983,#000000
94,142,41984,#000000
91,141,41985,#000000
92,141,41986,#000000
93,141,41987,#000000
91,140,41988,#000000
92,140,41989,#000000
93,140,41990,#000000
91,139,41991,#000000
92,139,41992,#000000
93,139,41993,#000000
91,138,41994,#000000
92,138,41995,#000000
93,138,41996,#000000
91,137,41997,#000000
91,136,41998,#000000
90,136,41999,#000000
93,137,42000,#000000
93,136,42001,#000000
94,136,42002,#000000
94,137,42003,#000000
90,135,42004,#000000
90,134,42005,#000000
90,133,42006,#000000
90,132,42007,#000000
89,132,42008,#000000
89,131,42009,#000000
89,130,42010,#000000
89,129,42011,#000000
88,128,42012,#000000
88,127,42013,#000000
88,126,42014,#000000
88,125,42015,#000000
88,124,42016,#000000
87,124,42017,#000000
87,123,42018,#000000
87,122,42019,#000000
93,135,42020,#000000
94,135,42021,#000000
94,134,42022,#000000
93,134,42023,#000000
93,133,42024,#000000
93,132,42025,#000000
94,132,42026,#000000
94,133,42027,#000000
93,131,42028,#000000
94,131,42029,#000000
93,130,42030,#000000
94,130,42031,#000000
93,129,42032,#000000
93,128,42033,#000000
93,127,42034,#000000
93,126,42035,#000000
93,125,42036,#000000
93,124,42037,#000000
93,123,42038,#000000
93,122,42039,#000000
93,121,42040,#000000
92,121,42041,#000000
92,122,42042,#000000
92,123,42043,#000000
92,124,42044,#000000
92,125,42045,#000000
92,126,42046,#000000
92,127,42047,#000000
92,120,42048,#000000
91,121,42049,#000000
91,120,42050,#000000
91,122,42051,#000000
91,119,42052,#000000
91,118,42053,#000000
94,143,42054,#d09018
94,144,42055,#d09018
94,145,42056,#d09018
93,145,42057,#d09018
93,146,42058,#d09018
94,146,42059,#d09018
95,146,42060,#d09018
96,146,42061,#d09018
92,148,42062,#d09018
93,148,42063,#d09018
94,148,42064,#d09018
95,148,42065,#d09018
96,148,42066,#d09018
96,147,42067,#d09018
95,147,42068,#d09018
94,147,42069,#d09018
94,149,42070,#d09018
94,150,42071,#d09018
94,151,42072,#d09018
95,152,42073,#d09018
96,152,42074,#d09018
91,160,42075,#1840f8
88,160,42076,#d09018
88,159,42077,#d09018
87,160,42078,#d09018
87,161,42079,#d09018
86,161,42080,#d09018
86,159,42081,#d09018
86,158,42082,#d09018
85,158,42083,#d09018
84,158,42084,#d09018
84,156,42085,#d09018
84,155,42086,#1840f8
84,154,42087,#3bc6f8
82,155,42088,#d09018
83,155,42089,#d09018
85,156,42090,#1840f8
85,154,42091,#3bc6f8
85,153,42092,#3bc6f8
86,154,42093,#3bc6f8
82,149,42094,#d09018
83,150,42095,#d09018
84,151,42096,#d09018
83,149,42097,#d09018
84,149,42098,#d09018
85,149,42099,#d09018
86,149,42100,#d09018
86,148,42101,#d09018
86,147,42102,#d09018
85,147,42103,#d09018
85,146,42104,#d09018
85,145,42105,#d09018
87,147,42106,#d09018
88,144,42107,#d09018
89,146,42108,#d09018
89,147,42109,#d09018
89,148,42110,#d09018
89,153,42111,#d09018
84,150,42112,#f8e048
85,150,42113,#f8e048
86,150,42114,#f8e048
86,151,42115,#f8e048
87,151,42116,#f8e048
88,151,42117,#f8e048
89,151,42118,#f8e048
89,150,42119,#f8e048
90,150,42120,#f8e048
88,150,42121,#f8e048
88,149,42122,#f8e048
87,149,42123,#f8e048
87,150,42124,#f8e048
87,148,42125,#f8e048
88,148,42126,#f8e048
88,147,42127,#f8e048
88,146,42128,#f8e048
88,145,42129,#f8e048
89,149,42130,#f8e048
90,149,42131,#f8e048
90,148,42132,#f8e048
91,148,42133,#f8e048
91,147,42134,#f8e048
91,146,42135,#f8e048
85,151,42136,#f8e048
85,152,42137,#1840f8
86,152,42138,#f8e048
87,152,42139,#f8e048
88,152,42140,#f8e048
89,152,42141,#f8e048
86,153,42142,#1840f8
87,153,42143,#1840f8
88,153,42144,#f8e048
88,154,42145,#1840f8
87,154,42146,#3bc6f8
87,155,42147,#3bc6f8
86,155,42148,#3bc6f8
85,155,42149,#1840f8
87,156,42150,#3bc6f8
86,156,42151,#1840f8
86,157,42152,#f8e048
87,157,42153,#1840f8
85,157,42154,#f8e048
87,158,42155,#f8e048
87,159,42156,#f8e048
88,158,42157,#1840f8
89,158,42158,#1840f8
89,157,42159,#3bc6f8
88,157,42160,#3bc6f8
88,156,42161,#3bc6f8
89,156,42162,#3bc6f8
88,155,42163,#3bc6f8
89,155,42164,#3bc6f8
90,155,42165,#1840f8
89,154,42166,#f8e048
89,159,42167,#1840f8
90,154,42168,#f8e048
90,153,42169,#f8e048
91,153,42170,#f8e048
91,152,42171,#f8e048
92,151,42172,#f8e048
93,151,42173,#f8e048
93,150,42174,#f8e048
93,149,42175,#f8e048
95,157,42176,#3bc6f8
96,157,42177,#3bc6f8
96,158,42178,#3bc6f8
93,143,42179,#1840f8
95,149,42180,#d86020
96,149,42181,#d86020
95,151,42182,#d86020
96,151,42183,#d86020
94,154,42184,#d86020
94,153,42185,#d86020
94,158,42186,#1840f8
94,159,42187,#1840f8
95,150,42188,#f8c880
96,150,42189,#f8c880
94,155,42190,#fb9043
95,153,42191,#fb9043
96,153,42192,#fb9043
96,159,42193,#fb9043
95,154,42194,#f8c880
96,154,42195,#f8c880
96,155,42196,#f8c880
96,156,42197,#ffffff
97,158,42198,#f8c880
97,159,42199,#f8c880
97,160,42200,#1840f8
95,159,42201,#1840f8
95,156,42202,#ffffff
99,159,42203,#282828
99,160,42204,#282828
99,161,42205,#282828
99,162,42206,#1840f8
99,163,42207,#3bc6f8
99,164,42208,#3bc6f8
99,165,42209,#dff4f8
99,166,42210,#dff4f8
103,159,42211,#282828
103,160,42212,#282828
103,161,42213,#282828
103,162,42214,#282828
103,163,42215,#282828
103,164,42216,#282828
103,165,42217,#282828
103,166,42218,#282828
103,167,42219,#1840f8
98,158,42220,#282828
98,157,42221,#282828
98,156,42222,#282828
98,155,42223,#282828
98,154,42224,#282828
98,153,42225,#282828
98,152,42226,#282828
99,152,42227,#282828
100,152,42228,#282828
101,152,42229,#282828
102,152,42230,#282828
102,151,42231,#282828
102,150,42232,#282828
103,150,42233,#282828
104,151,42234,#282828
105,151,42235,#282828
105,150,42236,#282828
99,151,42237,#282828
100,151,42238,#282828
100,153,42239,#282828
101,151,42240,#282828
102,153,42241,#282828
103,152,42242,#282828
103,151,42243,#282828
103,149,42244,#282828
104,150,42245,#282828
104,149,42246,#282828
104,148,42247,#282828
105,149,42248,#282828
106,149,42249,#282828
106,148,42250,#282828
106,150,42251,#282828
104,129,42252,#282828
104,130,42253,#282828
104,131,42254,#282828
104,132,42255,#282828
104,133,42256,#282828
104,134,42257,#282828
104,135,42258,#282828
105,129,42259,#282828
105,130,42260,#282828
105,131,42261,#282828
103,143,42262,#a00800
102,143,42263,#a00800
101,143,42264,#a00800
101,142,42265,#a00800
101,141,42266,#a00800
102,141,42267,#a00800
102,142,42268,#a00800
103,142,42269,#a00800
103,141,42270,#a00800
103,140,42271,#a00800
103,139,42272,#a00800
104,140,42273,#a00800
104,141,42274,#a00800
104,142,42275,#a00800
102,140,42276,#505050
102,139,42277,#505050
102,138,42278,#505050
102,137,42279,#505050
103,138,42280,#505050
103,137,42281,#505050
100,137,42282,#505050
99,137,42283,#505050
99,136,42284,#505050
100,136,42285,#505050
99,138,42286,#505050
99,139,42287,#505050
99,140,42288,#505050
99,141,42289,#505050
99,142,42290,#505050
99,143,42291,#505050
99,144,42292,#505050
99,145,42293,#505050
99,146,42294,#505050
99,147,42295,#505050
99,148,42296,#505050
99,149,42297,#505050
99,150,42298,#505050
98,151,42299,#505050
98,150,42300,#505050
98,149,42301,#505050
98,148,42302,#505050
98,147,42303,#505050
98,146,42304,#505050
98,145,42305,#505050
98,144,42306,#505050
98,143,42307,#505050
98,142,42308,#505050
98,141,42309,#505050
100,139,42310,#505050
100,140,42311,#505050
100,141,42312,#505050
100,142,42313,#505050
100,143,42314,#505050
100,144,42315,#505050
100,145,42316,#505050
100,146,42317,#505050
100,147,42318,#505050
100,148,42319,#505050
100,149,42320,#505050
100,150,42321,#505050
101,150,42322,#505050
101,149,42323,#505050
101,148,42324,#505050
101,147,42325,#505050
101,146,42326,#505050
101,145,42327,#505050
102,145,42328,#505050
102,144,42329,#505050
101,144,42330,#505050
103,144,42331,#505050
103,145,42332,#505050
103,146,42333,#505050
102,146,42334,#505050
102,147,42335,#505050
102,148,42336,#505050
102,149,42337,#505050
103,147,42338,#505050
104,145,42339,#505050
104,146,42340,#505050
104,147,42341,#505050
105,147,42342,#e84000
105,148,42343,#505050
103,148,42344,#505050
107,125,42345,#505050
107,126,42346,#505050
107,127,42347,#505050
107,128,42348,#505050
107,129,42349,#505050
107,130,42350,#505050
107,131,42351,#505050
108,129,42352,#505050
108,130,42353,#505050
108,131,42354,#505050
108,132,42355,#505050
108,133,42356,#505050
108,134,42357,#505050
108,135,42358,#505050
108,136,42359,#505050
109,136,42360,#505050
109,137,42361,#505050
110,137,42362,#505050
110,138,42363,#505050
110,139,42364,#505050
111,139,42365,#505050
111,140,42366,#505050
111,141,42367,#505050
112,141,42368,#505050
112,142,42369,#505050
113,142,42370,#505050
114,142,42371,#505050
114,141,42372,#505050
115,141,42373,#505050
114,140,42374,#505050
113,139,42375,#505050
112,138,42376,#505050
111,137,42377,#505050
111,136,42378,#505050
110,136,42379,#505050
110,135,42380,#505050
110,134,42381,#505050
109,135,42382,#505050
109,134,42383,#505050
109,133,42384,#505050
109,132,42385,#505050
111,138,42386,#505050
112,139,42387,#505050
112,140,42388,#505050
113,140,42389,#505050
113,141,42390,#505050
99,155,42391,#505050
99,154,42392,#505050
99,153,42393,#505050
99,156,42394,#505050
99,157,42395,#505050
99,158,42396,#505050
100,158,42397,#505050
101,158,42398,#505050
101,157,42399,#505050
100,157,42400,#505050
100,156,42401,#505050
101,156,42402,#505050
101,155,42403,#505050
100,155,42404,#505050
102,155,42405,#505050
101,154,42406,#505050
101,153,42407,#505050
100,154,42408,#505050
102,154,42409,#505050
103,154,42410,#505050
103,153,42411,#505050
104,153,42412,#505050
104,152,42413,#505050
105,152,42414,#505050
105,153,42415,#505050
104,154,42416,#505050
104,155,42417,#505050
104,156,42418,#505050
103,156,42419,#505050
103,157,42420,#505050
103,158,42421,#505050
104,158,42422,#505050
104,157,42423,#505050
102,156,42424,#505050
103,155,42425,#505050
102,157,42426,#505050
102,158,42427,#505050
102,159,42428,#505050
102,160,42429,#505050
102,161,42430,#505050
102,162,42431,#505050
102,163,42432,#505050
102,164,42433,#505050
102,165,42434,#1840f8
102,166,42435,#1840f8
102,167,42436,#3bc6f8
101,166,42438,#3bc6f8
101,165,42439,#1840f8
101,164,42440,#1840f8
101,163,42441,#505050
101,162,42442,#505050
101,161,42443,#505050
101,160,42444,#505050
101,159,42445,#505050
100,159,42446,#505050
100,160,42447,#505050
100,161,42448,#505050
100,162,42449,#505050
100,163,42450,#1840f8
100,164,42451,#1840f8
100,165,42452,#3bc6f8
100,166,42453,#dff4f8
107,148,42455,#e84000
107,149,42456,#e84000
108,149,42457,#e84000
108,148,42458,#e84000
109,148,42459,#e84000
109,147,42460,#e84000
109,146,42461,#e84000
110,146,42462,#e84000
110,145,42463,#e84000
110,144,42464,#e84000
111,144,42465,#e84000
111,143,42466,#e84000
109,145,42467,#e84000
108,146,42468,#e84000
108,145,42469,#e84000
107,145,42470,#e84000
107,144,42471,#e84000
107,143,42472,#e84000
105,145,42473,#e84000
105,146,42474,#e84000
106,147,42475,#e84000
111,142,42476,#e84000
110,141,42477,#e84000
112,143,42478,#e84000
113,143,42479,#e84000
112,144,42480,#e84000
112,145,42481,#e84000
111,145,42482,#e84000
111,146,42483,#e84000
110,147,42484,#e84000
104,136,42485,#e84000
104,137,42486,#e84000
105,137,42487,#e84000
106,137,42488,#e84000
106,132,42489,#e84000
106,133,42490,#e84000
106,134,42491,#e84000
106,135,42492,#e84000
106,136,42493,#e84000
105,138,42494,#f89840
106,138,42495,#f89840
107,138,42496,#f89840
108,138,42497,#f89840
108,137,42498,#f89840
107,137,42499,#f89840
107,136,42500,#f89840
107,135,42501,#f89840
107,134,42502,#f89840
104,138,42503,#f89840
104,139,42504,#f89840
105,140,42505,#f89840
106,140,42506,#f89840
106,139,42507,#f89840
107,139,42508,#f89840
105,139,42509,#f89840
107,140,42510,#f89840
108,140,42511,#f89840
108,139,42512,#f89840
109,139,42513,#f89840
109,140,42514,#f89840
109,138,42515,#f89840
110,140,42516,#f89840
109,141,42517,#f89840
109,142,42518,#f89840
109,143,42519,#f89840
109,144,42520,#f89840
110,143,42521,#f89840
110,142,42522,#f89840
108,142,42523,#f89840
107,142,42524,#f89840
106,142,42525,#f89840
105,142,42526,#f89840
105,141,42527,#f89840
106,141,42528,#f89840
107,141,42529,#f89840
108,141,42530,#f89840
106,143,42531,#f89840
106,144,42532,#f89840
105,144,42533,#f89840
104,144,42534,#f89840
104,143,42535,#f89840
105,143,42536,#f89840
106,145,42537,#f89840
106,146,42538,#f89840
107,146,42539,#f89840
107,147,42540,#f89840
108,147,42541,#f89840
108,144,42542,#f89840
108,143,42543,#f89840
120,135,42544,#e84000
121,135,42545,#e84000
122,135,42546,#e84000
122,134,42547,#e84000
122,136,42548,#e84000
122,137,42549,#e84000
122,138,42550,#e84000
122,139,42551,#e84000
122,140,42552,#e84000
122,141,42553,#e84000
122,142,42554,#e84000
122,143,42555,#e84000
122,144,42556,#e84000
121,143,42557,#e84000
120,143,42558,#e84000
120,142,42559,#e84000
119,142,42560,#e84000
119,141,42561,#e84000
118,141,42562,#e84000
120,144,42563,#e84000
121,144,42564,#e84000
121,145,42565,#e84000
122,145,42566,#e84000
122,146,42567,#e84000
122,147,42568,#e84000
123,146,42569,#e84000
123,145,42570,#e84000
123,144,42571,#e84000
121,142,42572,#e84000
121,141,42573,#e84000
120,141,42574,#e84000
119,140,42575,#e84000
118,140,42576,#e84000
118,139,42577,#e84000
118,138,42578,#e84000
119,138,42579,#e84000
119,137,42580,#e84000
119,136,42581,#e84000
120,136,42582,#e84000
120,137,42583,#e84000
121,137,42584,#e84000
121,138,42585,#e84000
121,139,42586,#e84000
120,139,42587,#e84000
120,138,42588,#e84000
121,136,42589,#e84000
119,139,42590,#e84000
120,140,42591,#e84000
121,140,42592,#e84000
125,134,42593,#e84000
125,135,42594,#e84000
125,136,42595,#e84000
125,137,42596,#e84000
125,138,42597,#e84000
125,139,42598,#e84000
125,140,42599,#e84000
125,141,42600,#e84000
125,142,42601,#e84000
125,143,42602,#e84000
128,137,42603,#e84000
128,136,42604,#e84000
128,135,42605,#e84000
129,135,42606,#e84000
129,136,42607,#e84000
130,136,42608,#e84000
130,137,42609,#e84000
131,137,42610,#282828
131,138,42611,#e84000
131,139,42612,#e84000
130,139,42613,#e84000
130,138,42614,#e84000
129,137,42615,#e84000
128,134,42616,#e84000
127,136,42617,#e84000
127,137,42618,#e84000
127,138,42619,#e84000
127,139,42620,#e84000
127,140,42621,#e84000
128,140,42622,#e84000
128,139,42623,#e84000
128,138,42624,#e84000
129,138,42625,#e84000
130,140,42626,#e84000
129,140,42627,#e84000
129,141,42628,#e84000
128,141,42629,#e84000
127,141,42630,#e84000
127,142,42631,#e84000
127,143,42632,#e84000
126,143,42633,#e84000
126,142,42634,#e84000
129,139,42635,#e84000
126,141,42636,#e84000
126,140,42637,#e84000
126,139,42638,#e84000
126,138,42639,#e84000
128,142,42640,#e84000
128,143,42641,#e84000
127,144,42642,#e84000
126,144,42643,#e84000
125,144,42644,#e84000
124,144,42645,#e84000
126,145,42646,#e84000
126,146,42647,#e84000
125,146,42648,#e84000
124,146,42649,#e84000
124,145,42650,#e84000
125,145,42651,#e84000
123,147,42652,#e84000
124,147,42653,#e84000
125,147,42654,#e84000
123,148,42655,#e84000
124,148,42656,#e84000
123,143,42657,#e84000
124,143,42658,#e84000
124,142,42659,#e84000
123,142,42660,#e84000
124,141,42661,#e84000
123,141,42662,#e84000
123,140,42663,#e84000
123,139,42664,#e84000
118,142,42665,#f89840
118,143,42666,#f89840
119,143,42667,#f89840
119,144,42668,#f89840
120,145,42669,#f89840
121,146,42670,#f89840
131,135,42671,#282828
131,136,42672,#282828
132,137,42673,#282828
132,138,42674,#282828
132,139,42675,#282828
133,138,42676,#282828
133,137,42677,#282828
134,137,42678,#282828
134,136,42679,#505050
135,136,42680,#282828
135,137,42681,#282828
136,137,42682,#282828
136,138,42683,#282828
137,138,42684,#282828
137,139,42685,#282828
137,140,42686,#282828
137,141,42687,#282828
137,142,42688,#282828
137,137,42689,#282828
137,136,42690,#282828
137,135,42691,#282828
136,135,42692,#282828
135,135,42693,#282828
136,136,42694,#282828
137,134,42695,#282828
137,133,42696,#282828
137,132,42697,#282828
132,135,42698,#505050
132,134,42699,#505050
133,134,42700,#a0a0a0
133,133,42701,#505050
134,133,42702,#505050
135,133,42703,#505050
135,132,42704,#505050
136,132,42705,#505050
136,133,42706,#505050
136,134,42707,#505050
135,134,42708,#505050
134,134,42709,#a0a0a0
133,135,42710,#a0a0a0
132,136,42711,#505050
133,136,42712,#505050
134,135,42713,#505050
135,138,42714,#d86020
136,139,42715,#d86020
136,140,42716,#d86020
135,139,42717,#fb9043
135,140,42718,#fb9043
136,141,42719,#f8c880
134,138,42720,#f8c880
136,142,42721,#f8ebce
135,141,42722,#f8ebce
134,139,42723,#f8ebce
112,127,42724,#e84000
112,128,42725,#e84000
112,129,42726,#e84000
112,130,42727,#e84000
112,131,42728,#e84000
112,134,42729,#e84000
112,135,42730,#e84000
113,135,42731,#e84000
113,136,42732,#e84000
114,137,42733,#e84000
114,138,42734,#e84000
113,137,42735,#e84000
115,138,42736,#e84000
115,139,42737,#e84000
116,138,42738,#e84000
116,137,42739,#e84000
117,136,42740,#e84000
115,137,42741,#e84000
117,137,42742,#e84000
113,126,42743,#e84000
113,127,42744,#e84000
113,125,42745,#e84000
114,128,42746,#e84000
115,127,42747,#e84000
116,126,42748,#e84000
117,121,42749,#e84000
117,122,42750,#e84000
117,123,42751,#e84000
117,124,42752,#e84000
117,125,42753,#e84000
118,124,42754,#e84000
118,123,42755,#e84000
119,123,42756,#e84000
119,122,42757,#e84000
119,121,42758,#e84000
119,120,42759,#e84000
119,119,42760,#e84000
119,118,42761,#e84000
119,117,42762,#e84000
121,118,42763,#e84000
120,119,42764,#e84000
121,117,42765,#e84000
122,117,42766,#e84000
122,116,42767,#e84000
122,115,42768,#e84000
122,114,42769,#e84000
122,113,42770,#e84000
122,112,42771,#e84000
122,111,42772,#e84000
122,110,42773,#e84000
123,112,42774,#e84000
124,108,42775,#e84000
124,109,42776,#e84000
125,109,42777,#e84000
126,109,42778,#e84000
126,110,42779,#e84000
126,111,42780,#e84000
127,111,42781,#e84000
128,111,42782,#e84000
128,112,42783,#e84000
129,112,42784,#e84000
129,113,42785,#e84000
130,114,42786,#e84000
128,114,42787,#e84000
128,115,42788,#e84000
127,116,42789,#e84000
126,116,42790,#e84000
126,117,42791,#e84000
126,118,42792,#e84000
126,119,42793,#e84000
126,114,42794,#e84000
126,115,42795,#e84000
127,117,42796,#e84000
125,120,42797,#e84000
124,120,42798,#e84000
124,121,42799,#e84000
124,122,42800,#e84000
124,123,42801,#e84000
123,123,42802,#e84000
123,124,42803,#e84000
123,125,42804,#e84000
122,125,42805,#e84000
122,126,42806,#e84000
122,127,42807,#e84000
121,127,42808,#e84000
121,128,42809,#e84000
120,128,42810,#e84000
120,129,42811,#e84000
120,130,42812,#e84000
119,130,42813,#e84000
119,131,42814,#e84000
118,131,42815,#e84000
118,132,42816,#e84000
117,132,42817,#e84000
117,133,42818,#e84000
117,134,42819,#e84000
116,134,42820,#e84000
116,135,42821,#e84000
115,135,42822,#e84000
115,136,42823,#e84000
124,117,42824,#e84000
124,118,42825,#e84000
124,119,42826,#e84000
121,126,42827,#e84000
121,125,42828,#e84000
121,124,42829,#e84000
121,123,42830,#e84000
121,122,42831,#e84000
117,128,42832,#e84000
118,129,42833,#e84000
117,131,42834,#e84000
118,130,42835,#e84000
119,127,42836,#e84000
119,126,42837,#e84000
129,114,42838,#e84000
129,115,42839,#e84000
129,116,42840,#e84000
128,116,42841,#e84000
128,117,42842,#e84000
128,118,42843,#e84000
127,118,42844,#e84000
127,119,42845,#e84000
127,120,42846,#e84000
126,121,42847,#e84000
126,122,42848,#e84000
126,120,42849,#e84000
125,121,42850,#e84000
125,122,42851,#e84000
125,123,42852,#e84000
125,124,42853,#e84000
124,124,42854,#e84000
124,125,42855,#e84000
124,126,42856,#e84000
123,126,42857,#e84000
123,127,42858,#e84000
122,128,42859,#e84000
121,129,42860,#e84000
121,130,42861,#e84000
120,131,42862,#e84000
119,132,42863,#e84000
119,133,42864,#e84000
118,133,42865,#e84000
118,134,42866,#e84000
118,135,42867,#e84000
117,135,42868,#e84000
116,136,42869,#e84000
112,132,42870,#f89840
112,133,42871,#f89840
113,133,42872,#f89840
113,134,42873,#f89840
114,134,42874,#f89840
114,135,42875,#f89840
114,136,42876,#f89840
114,133,42877,#f89840
114,132,42878,#f89840
114,131,42879,#f89840
113,131,42880,#f89840
113,130,42881,#f89840
113,129,42882,#f89840
113,128,42883,#f89840
113,132,42884,#f89840
115,131,42885,#f89840
115,130,42886,#f89840
116,130,42887,#f89840
116,129,42888,#f89840
115,129,42889,#f89840
114,130,42890,#f89840
115,128,42891,#f89840
116,128,42892,#f89840
114,129,42893,#f89840
115,132,42894,#f89840
115,133,42895,#f89840
115,134,42896,#f89840
116,132,42897,#f89840
116,133,42898,#f89840
116,131,42899,#f89840
117,130,42900,#f89840
117,129,42901,#f89840
116,127,42902,#f89840
117,127,42903,#f89840
117,126,42904,#f89840
118,126,42905,#f89840
118,127,42906,#f89840
118,125,42907,#f89840
119,125,42908,#f89840
119,124,42909,#f89840
118,128,42910,#f89840
119,128,42911,#f89840
119,129,42912,#f89840
120,127,42913,#f89840
120,126,42914,#f89840
120,125,42915,#f89840
120,124,42916,#f89840
120,123,42917,#f89840
120,122,42918,#f89840
120,121,42919,#f89840
120,120,42920,#f89840
121,120,42921,#f89840
121,121,42922,#f89840
122,121,42923,#f89840
122,120,42924,#f89840
123,120,42925,#f89840
123,121,42926,#f89840
123,122,42927,#f89840
122,122,42928,#f89840
122,123,42929,#f89840
122,124,42930,#f89840
121,119,42931,#f89840
122,119,42932,#f89840
123,119,42933,#f89840
123,118,42934,#f89840
122,118,42935,#f89840
123,117,42936,#f89840
123,116,42937,#f89840
123,115,42938,#f89840
123,114,42939,#f89840
124,114,42940,#f89840
124,113,42941,#f89840
123,113,42942,#f89840
125,113,42943,#f89840
126,113,42944,#f89840
126,112,42945,#f89840
127,113,42946,#f89840
128,113,42947,#f89840
127,112,42948,#f89840
127,114,42949,#f89840
127,115,42950,#f89840
125,119,42951,#f89840
125,118,42952,#f89840
125,117,42953,#f89840
125,116,42954,#f89840
125,115,42955,#f89840
125,114,42956,#f89840
124,116,42957,#f89840
124,115,42958,#f89840
124,112,42959,#f89840
124,111,42960,#f89840
124,110,42961,#f89840
125,111,42962,#f89840
125,112,42963,#f89840
125,110,42964,#f89840
128,106,42965,#282828
128,107,42966,#282828
128,108,42967,#282828
128,109,42968,#282828
129,109,42969,#282828
129,110,42970,#282828
129,111,42971,#282828
128,110,42972,#282828
130,111,42973,#282828
131,111,42974,#282828
131,110,42975,#282828
132,110,42976,#282828
132,109,42977,#282828
132,108,42978,#282828
132,107,42979,#505050
132,106,42980,#505050
132,105,42981,#282828
131,105,42982,#282828
133,105,42983,#282828
134,105,42984,#282828
134,104,42985,#282828
135,104,42986,#282828
136,104,42987,#282828
137,104,42988,#282828
138,104,42989,#282828
133,109,42990,#282828
133,108,42991,#282828
134,108,42992,#282828
134,107,42993,#282828
135,107,42994,#282828
135,106,42995,#282828
135,105,42996,#282828
134,106,42997,#505050
133,106,42998,#505050
133,107,42999,#505050
131,106,43000,#505050
131,107,43001,#505050
131,108,43002,#505050
130,107,43003,#505050
130,106,43004,#505050
131,109,43005,#a0a0a0
130,109,43006,#a0a0a0
130,110,43007,#a0a0a0
130,108,43008,#a0a0a0
129,108,43009,#a0a0a0
129,107,43010,#a0a0a0
129,106,43011,#a0a0a0
137,105,43012,#fb9043
138,105,43013,#d86020
138,106,43014,#fb9043
136,105,43015,#f8c880
137,106,43016,#f8ebce
136,106,43017,#f8c880
136,107,43018,#f8c880
98,165,43021,#dff4f8
98,166,43022,#a8e8f8
99,173,43027,#3bc6f8
103,171,43031,#a8e8f8
103,172,43032,#a8e8f8
103,173,43033,#a8e8f8
103,174,43034,#dff4f8
103,175,43035,#dff4f8
99,174,43036,#a8e8f8
99,175,43037,#a8e8f8
98,175,43038,#3bc6f8
98,176,43039,#3bc6f8
97,176,43040,#1840f8
97,177,43041,#f8c880
96,177,43042,#000000
96,178,43043,#f8c880
95,178,43044,#000000
94,178,43045,#000000
94,179,43046,#000000
95,179,43047,#1840f8
95,180,43048,#1840f8
96,180,43049,#d86020
96,181,43050,#000000
97,181,43051,#d86020
97,182,43052,#000000
97,183,43053,#000000
98,183,43054,#1840f8
98,184,43055,#3bc6f8
99,184,43056,#a8e8f8
100,184,43057,#3bc6f8
101,184,43058,#1840f8
102,184,43059,#1840f8
103,184,43060,#1840f8
103,183,43061,#3bc6f8
104,183,43062,#a8e8f8
104,182,43063,#a8e8f8
104,181,43064,#3bc6f8
104,180,43065,#3bc6f8
104,179,43066,#3bc6f8
104,178,43067,#3bc6f8
104,177,43068,#3bc6f8
104,176,43069,#a8e8f8
103,176,43070,#dff4f8
97,180,43071,#f8c880
98,180,43072,#f8ebce
99,181,43073,#1840f8
98,181,43074,#d86020
99,182,43075,#a8e8f8
98,182,43076,#1840f8
99,183,43077,#a8e8f8
100,183,43078,#3bc6f8
100,182,43079,#3bc6f8
101,183,43080,#1840f8
101,182,43081,#1840f8
96,179,43082,#1840f8
97,179,43083,#1840f8
98,179,43084,#1840f8
99,180,43085,#1840f8
100,181,43086,#3bc6f8
101,181,43087,#1840f8
102,183,43090,#1840f8
103,182,43091,#3bc6f8
103,181,43092,#3bc6f8
103,180,43093,#3bc6f8
102,180,43094,#1840f8
102,179,43095,#3bc6f8
102,178,43096,#3bc6f8
102,177,43097,#dff4f8
101,178,43098,#3bc6f8
101,179,43099,#3bc6f8
101,180,43100,#1840f8
101,177,43101,#a8e8f8
101,176,43102,#a8e8f8
103,179,43103,#1840f8
103,178,43104,#3bc6f8
100,177,43105,#a8e8f8
100,176,43106,#a8e8f8
99,177,43107,#3bc6f8
99,176,43108,#3bc6f8
98,177,43109,#1840f8
97,178,43110,#f8c880
98,178,43111,#1840f8
99,179,43112,#1840f8
100,179,43113,#3bc6f8
100,180,43114,#1840f8
99,178,43115,#3bc6f8
100,178,43116,#a8e8f8
102,176,43117,#dff4f8
101,175,43118,#a8e8f8
100,175,43119,#a8e8f8
103,177,43120,#3bc6f8
100,174,43121,#a8e8f8
100,173,43122,#a8e8f8
102,172,43132,#a8e8f8
102,173,43133,#a8e8f8
102,174,43134,#a8e8f8
102,175,43135,#a8e8f8
101,172,43140,#a8e8f8
101,173,43141,#a8e8f8
101,174,43142,#a8e8f8
97,184,43145,#1840f8
96,184,43146,#1840f8
96,185,43147,#1840f8
95,187,43148,#1840f8
95,186,43149,#1840f8
96,186,43150,#1840f8
97,186,43151,#3bc6f8
98,186,43152,#3bc6f8
99,186,43153,#1840f8
99,185,43154,#1840f8
100,185,43155,#1840f8
100,186,43156,#1840f8
101,186,43157,#1840f8
102,186,43158,#3bc6f8
102,187,43159,#1840f8
103,187,43160,#1840f8
104,187,43161,#1840f8
105,187,43162,#1840f8
106,187,43163,#1840f8
107,187,43164,#1840f8
108,187,43165,#3bc6f8
104,184,43203,#1840f8
105,184,43204,#1840f8
106,184,43205,#1840f8
107,184,43206,#1840f8
94,184,43265,#1840f8
93,184,43266,#1840f8
92,184,43267,#1840f8
94,180,43319,#1840f8
93,180,43320,#1840f8
95,177,43360,#1840f8
94,177,43361,#1840f8
93,177,43362,#1840f8
105,179,43432,#3bc6f8
105,178,43433,#1840f8
106,178,43434,#3bc6f8
106,177,43435,#1840f8
106,176,43436,#1840f8
107,176,43437,#1840f8
107,175,43438,#1840f8
107,174,43439,#1840f8
107,173,43440,#1840f8
107,172,43441,#1840f8
107,171,43442,#1840f8
107,170,43443,#1840f8
106,170,43444,#1840f8
105,170,43445,#1840f8
105,169,43446,#1840f8
104,169,43447,#1840f8
104,168,43454,#1840f8
104,170,43563,#3bc6f8
104,171,43564,#dff4f8
105,171,43565,#3bc6f8
105,172,43566,#a8e8f8
106,172,43567,#3bc6f8
106,171,43568,#3bc6f8
106,174,43570,#a8e8f8
106,175,43571,#3bc6f8
105,175,43572,#3bc6f8
105,176,43573,#3bc6f8
105,177,43574,#3bc6f8
105,174,43575,#a8e8f8
105,173,43576,#a8e8f8
104,172,43577,#dff4f8
98,174,43580,#3bc6f8
101,185,43589,#3bc6f8
102,185,43590,#3bc6f8
103,185,43591,#3bc6f8
104,185,43592,#3bc6f8
105,185,43593,#a8e8f8
106,185,43594,#a8e8f8
107,185,43595,#a8e8f8
108,185,43596,#a8e8f8
109,185,43597,#a8e8f8
103,186,43620,#3bc6f8
104,186,43621,#3bc6f8
105,186,43622,#3bc6f8
106,186,43623,#3bc6f8
107,186,43624,#3bc6f8
108,186,43625,#3bc6f8
109,186,43626,#3bc6f8
95,185,43646,#3bc6f8
94,185,43647,#3bc6f8
93,185,43648,#3bc6f8
94,186,43712,#3bc6f8
93,179,43717,#1840f8
95,184,43975,#1840f8
98,173,44000,#3bc6f8
104,173,44003,#dff4f8
104,174,44004,#dff4f8
104,175,44005,#dff4f8
98,185,44006,#3bc6f8
97,185,44292,#3bc6f8
103,168,44294,#1840f8
83,152,44295,#3bc6f8
82,151,44296,#1840f8
81,151,44297,#1840f8
80,151,44298,#1840f8
80,150,44299,#1840f8
79,150,44300,#1840f8
78,150,44301,#1840f8
77,150,44302,#1840f8
76,150,44303,#1840f8
75,150,44304,#1840f8
97,174,44305,#1840f8
97,173,44306,#1840f8
97,172,44307,#1840f8
97,171,44308,#1840f8
97,170,44309,#1840f8
96,170,44310,#1840f8
96,169,44311,#1840f8
96,168,44312,#3bc6f8
95,168,44313,#1840f8
95,167,44314,#1840f8
95,166,44315,#3bc6f8
94,166,44316,#1840f8
94,165,44317,#1840f8
94,164,44318,#3bc6f8
93,164,44319,#1840f8
93,163,44320,#1840f8
93,162,44321,#3bc6f8
92,162,44322,#1840f8
82,153,44323,#1840f8
81,153,44324,#1840f8
81,152,44325,#1840f8
80,152,44326,#1840f8
79,151,44327,#1840f8
78,151,44328,#1840f8
96,176,44329,#1840f8
95,176,44330,#1840f8
94,176,44331,#1840f8
102,181,44340,#1840f8
102,182,44341,#1840f8
108,176,44342,#1840f8
109,176,44343,#a8e8f8
109,175,44344,#1840f8
110,175,44345,#3bc6f8
110,174,44346,#1840f8
111,173,44347,#3bc6f8
111,172,44348,#3bc6f8
111,171,44349,#1840f8
112,170,44350,#3bc6f8
112,169,44351,#1840f8
112,168,44352,#1840f8
112,167,44353,#1840f8
113,167,44354,#3bc6f8
113,166,44355,#1840f8
113,165,44356,#1840f8
113,164,44357,#1840f8
113,163,44358,#1840f8
113,162,44359,#1840f8
113,161,44360,#1840f8
113,160,44361,#1840f8
113,159,44362,#1840f8
113,158,44363,#1840f8
113,157,44364,#1840f8
105,188,44365,#1840f8
106,188,44366,#1840f8
107,188,44367,#1840f8
108,188,44368,#1840f8
109,188,44369,#1840f8
110,188,44370,#1840f8
111,188,44371,#1840f8
111,187,44372,#1840f8
112,187,44373,#1840f8
112,186,44374,#1840f8
113,186,44375,#1840f8
113,185,44376,#1840f8
114,185,44377,#1840f8
114,184,44378,#1840f8
114,183,44379,#1840f8
115,183,44380,#1840f8
115,182,44381,#1840f8
115,181,44382,#1840f8
115,180,44383,#1840f8
115,179,44384,#1840f8
116,179,44385,#1840f8
116,178,44386,#1840f8
116,177,44387,#1840f8
116,176,44388,#1840f8
116,175,44389,#1840f8
116,174,44390,#1840f8
117,174,44391,#1840f8
117,173,44392,#1840f8
117,172,44393,#1840f8
117,171,44394,#1840f8
117,170,44395,#1840f8
117,169,44396,#1840f8
117,168,44397,#1840f8
117,167,44398,#1840f8
116,167,44399,#1840f8
116,166,44400,#1840f8
116,165,44401,#1840f8
116,164,44402,#1840f8
116,163,44403,#1840f8
116,162,44404,#1840f8
115,162,44405,#1840f8
115,161,44406,#1840f8
115,160,44407,#1840f8
115,159,44408,#1840f8
115,158,44409,#1840f8
114,158,44410,#1840f8
114,157,44411,#1840f8
114,156,44412,#1840f8
114,155,44413,#1840f8
101,187,44414,#1840f8
100,187,44415,#1840f8
99,187,44416,#1840f8
99,188,44417,#1840f8
98,188,44418,#1840f8
98,189,44419,#1840f8
97,190,44420,#3bc6f8
97,191,44421,#3bc6f8
97,192,44422,#1840f8
96,193,44423,#3bc6f8
96,194,44424,#1840f8
95,196,44425,#3bc6f8
92,185,44453,#1840f8
91,185,44454,#1840f8
90,186,44499,#1840f8
90,187,44500,#1840f8
90,188,44501,#1840f8
89,188,44502,#1840f8
89,189,44503,#1840f8
89,190,44504,#1840f8
89,191,44505,#1840f8
89,192,44506,#1840f8
89,193,44507,#1840f8
89,194,44508,#3bc6f8
89,195,44509,#3bc6f8
88,196,44510,#1840f8
92,180,44540,#1840f8
91,180,44541,#1840f8
90,180,44542,#1840f8
90,179,44543,#3bc6f8
89,179,44544,#1840f8
88,179,44545,#1840f8
87,179,44546,#1840f8
86,179,44547,#1840f8
85,179,44548,#1840f8
84,179,44549,#1840f8
83,179,44550,#1840f8
82,179,44551,#1840f8
81,179,44552,#1840f8
80,180,44553,#1840f8
79,180,44554,#1840f8
78,180,44555,#1840f8
78,181,44556,#1840f8
77,181,44557,#1840f8
76,181,44558,#3bc6f8
76,182,44559,#1840f8
75,182,44560,#3bc6f8
74,182,44561,#3bc6f8
74,183,44562,#3bc6f8
73,183,44563,#3bc6f8
72,183,44564,#3bc6f8
72,184,44565,#3bc6f8
71,184,44566,#3bc6f8
71,185,44567,#3bc6f8
70,185,44568,#1840f8
70,184,44569,#1840f8
70,183,44570,#1840f8
70,182,44571,#1840f8
70,181,44572,#1840f8
71,180,44573,#1840f8
71,179,44574,#1840f8
72,178,44575,#1840f8
72,177,44576,#1840f8
73,177,44577,#3bc6f8
73,176,44578,#1840f8
73,175,44579,#1840f8
74,175,44580,#1840f8
74,174,44581,#1840f8
75,174,44582,#1840f8
76,174,44583,#1840f8
76,173,44584,#1840f8
77,173,44585,#1840f8
78,173,44586,#1840f8
79,173,44587,#3bc6f8
80,173,44588,#3bc6f8
81,173,44589,#3bc6f8
82,173,44590,#3bc6f8
83,173,44591,#3bc6f8
84,173,44592,#3bc6f8
85,173,44593,#3bc6f8
86,173,44594,#3bc6f8
87,173,44595,#1840f8
88,173,44596,#1840f8
88,174,44597,#1840f8
89,174,44598,#1840f8
90,174,44599,#1840f8
90,175,44600,#1840f8
91,175,44601,#1840f8
91,176,44602,#1840f8
92,176,44603,#1840f8
92,177,44604,#3bc6f8
93,178,44605,#1840f8
89,187,44606,#1840f8
88,192,44607,#1840f8
88,193,44608,#1840f8
88,194,44609,#1840f8
88,195,44610,#1840f8
99,189,44667,#1840f8
98,190,44668,#1840f8
98,191,44669,#1840f8
98,192,44670,#1840f8
97,193,44671,#1840f8
97,194,44672,#1840f8
97,195,44673,#1840f8
97,196,44675,#1840f8
97,197,44676,#1840f8
98,197,44677,#1840f8
98,198,44678,#1840f8
98,199,44679,#3bc6f8
99,199,44680,#1840f8
99,200,44681,#3bc6f8
100,200,44682,#1840f8
100,201,44683,#3bc6f8
101,201,44684,#1840f8
102,201,44685,#1840f8
102,202,44686,#a8e8f8
88,197,44687,#1840f8
89,197,44688,#1840f8
89,198,44689,#1840f8
89,199,44690,#1840f8
90,199,44691,#3bc6f8
90,200,44692,#1840f8
90,201,44693,#1840f8
91,201,44694,#1840f8
91,202,44695,#1840f8
92,202,44696,#1840f8
92,203,44697,#1840f8
93,203,44698,#3bc6f8
93,204,44699,#1840f8
94,204,44700,#1840f8
95,204,44701,#1840f8
96,205,44702,#1840f8
97,205,44703,#1840f8
97,206,44704,#1840f8
98,206,44705,#1840f8
99,206,44707,#1840f8
100,206,44708,#1840f8
101,206,44709,#1840f8
102,206,44710,#1840f8
103,206,44711,#1840f8
103,205,44712,#1840f8
104,205,44713,#1840f8
105,205,44714,#1840f8
106,205,44715,#1840f8
106,204,44716,#1840f8
107,204,44717,#1840f8
107,203,44718,#1840f8
108,203,44719,#1840f8
108,202,44720,#1840f8
103,201,44721,#1840f8
104,201,44722,#1840f8
105,201,44723,#1840f8
106,201,44724,#3bc6f8
106,200,44725,#1840f8
107,200,44726,#1840f8
107,199,44727,#1840f8
108,199,44728,#1840f8
108,200,44729,#1840f8
107,201,44730,#1840f8
107,202,44731,#1840f8
108,198,44732,#1840f8
108,197,44733,#1840f8
109,197,44734,#1840f8
109,196,44735,#1840f8
108,201,44736,#1840f8
97,187,44737,#3bc6f8
97,188,44738,#3bc6f8
97,189,44739,#3bc6f8
96,189,44740,#a8e8f8
96,190,44741,#a8e8f8
95,190,44742,#a8e8f8
95,191,44743,#a8e8f8
95,192,44744,#3bc6f8
95,193,44745,#3bc6f8
95,194,44746,#3bc6f8
96,191,44747,#3bc6f8
96,192,44748,#3bc6f8
98,187,44749,#3bc6f8
95,195,44750,#3bc6f8
95,197,44751,#3bc6f8
95,198,44752,#3bc6f8
96,198,44753,#3bc6f8
96,199,44754,#3bc6f8
96,195,44755,#3bc6f8
96,196,44756,#3bc6f8
96,197,44757,#3bc6f8
97,199,44758,#3bc6f8
97,200,44759,#3bc6f8
98,200,44760,#3bc6f8
99,201,44761,#3bc6f8
97,198,44762,#3bc6f8
100,202,44763,#a8e8f8
101,202,44764,#a8e8f8
103,202,44765,#a8e8f8
104,202,44766,#3bc6f8
105,202,44767,#3bc6f8
106,202,44768,#3bc6f8
106,203,44769,#3bc6f8
105,203,44770,#3bc6f8
105,204,44771,#3bc6f8
104,204,44772,#3bc6f8
103,204,44773,#3bc6f8
102,204,44774,#a8e8f8
102,205,44775,#3bc6f8
101,205,44776,#3bc6f8
100,205,44777,#3bc6f8
99,205,44778,#3bc6f8
98,205,44779,#3bc6f8
98,204,44780,#3bc6f8
97,204,44781,#3bc6f8
96,204,44782,#3bc6f8
96,203,44783,#a8e8f8
95,203,44784,#3bc6f8
94,202,44785,#3bc6f8
93,202,44786,#3bc6f8
93,201,44787,#3bc6f8
92,201,44788,#3bc6f8
94,203,44789,#3bc6f8
92,200,44790,#dff4f8
91,200,44791,#3bc6f8
91,199,44792,#3bc6f8
90,198,44793,#3bc6f8
90,197,44794,#a8e8f8
90,196,44795,#a8e8f8
89,196,44796,#3bc6f8
90,194,44797,#a8e8f8
90,193,44798,#3bc6f8
90,192,44799,#3bc6f8
90,191,44800,#3bc6f8
90,190,44801,#3bc6f8
90,189,44802,#3bc6f8
91,189,44803,#a8e8f8
91,188,44804,#3bc6f8
92,187,44805,#a8e8f8
93,187,44806,#3bc6f8
93,186,44807,#3bc6f8
92,186,44808,#3bc6f8
91,187,44809,#3bc6f8
91,186,44810,#3bc6f8
109,187,44811,#3bc6f8
110,187,44812,#3bc6f8
110,186,44813,#3bc6f8
111,186,44814,#3bc6f8
111,185,44815,#3bc6f8
112,185,44816,#3bc6f8
112,184,44817,#3bc6f8
113,184,44818,#3bc6f8
113,183,44819,#3bc6f8
113,182,44820,#3bc6f8
114,182,44821,#3bc6f8
114,181,44822,#3bc6f8
114,180,44823,#3bc6f8
114,179,44824,#3bc6f8
114,178,44825,#a8e8f8
115,178,44826,#3bc6f8
115,177,44827,#3bc6f8
115,176,44828,#3bc6f8
115,175,44829,#a8e8f8
115,174,44830,#a8e8f8
115,173,44831,#a8e8f8
115,172,44832,#a8e8f8
116,172,44833,#3bc6f8
116,171,44834,#3bc6f8
116,173,44835,#3bc6f8
116,170,44836,#3bc6f8
116,169,44837,#3bc6f8
115,169,44838,#a8e8f8
115,168,44839,#3bc6f8
115,167,44840,#3bc6f8
115,166,44841,#3bc6f8
114,165,44842,#3bc6f8
114,164,44843,#3bc6f8
114,163,44844,#3bc6f8
114,162,44845,#3bc6f8
114,161,44846,#3bc6f8
114,160,44847,#3bc6f8
114,159,44848,#3bc6f8
115,163,44849,#3bc6f8
115,164,44850,#3bc6f8
115,165,44851,#3bc6f8
116,168,44852,#3bc6f8
106,179,44853,#a8e8f8
107,178,44854,#a8e8f8
107,177,44855,#3bc6f8
108,177,44856,#a8e8f8
109,177,44857,#a8e8f8
110,173,44858,#1840f8
112,172,44859,#3bc6f8
112,171,44860,#3bc6f8
113,170,44861,#3bc6f8
113,169,44862,#3bc6f8
113,168,44863,#3bc6f8
114,167,44864,#3bc6f8
114,166,44865,#3bc6f8
103,170,44866,#dff4f8
103,169,44867,#dff4f8
102,169,44868,#dff4f8
102,168,44869,#dff4f8
101,167,44870,#dff4f8
97,162,44871,#3bc6f8
96,161,44872,#3bc6f8
95,161,44873,#3bc6f8
82,152,44874,#3bc6f8
83,153,44875,#3bc6f8
94,162,44876,#a8e8f8
94,163,44877,#3bc6f8
95,164,44878,#3bc6f8
95,165,44879,#3bc6f8
96,166,44880,#3bc6f8
96,167,44881,#3bc6f8
97,168,44882,#a8e8f8
97,169,44883,#3bc6f8
98,170,44884,#3bc6f8
98,171,44885,#3bc6f8
98,172,44886,#3bc6f8
92,178,44887,#3bc6f8
91,177,44888,#3bc6f8
90,176,44889,#3bc6f8
89,176,44890,#3bc6f8
89,175,44891,#1840f8
88,175,44892,#3bc6f8
87,175,44893,#3bc6f8
86,175,44894,#3bc6f8
86,174,44895,#dff4f8
85,174,44896,#dff4f8
84,174,44897,#dff4f8
87,174,44898,#3bc6f8
83,174,44899,#dff4f8
82,174,44900,#dff4f8
81,174,44901,#dff4f8
80,174,44902,#dff4f8
79,174,44903,#3bc6f8
78,174,44904,#3bc6f8
78,175,44905,#dff4f8
77,175,44906,#3bc6f8
76,175,44907,#3bc6f8
75,175,44908,#3bc6f8
75,176,44909,#3bc6f8
74,176,44910,#3bc6f8
74,177,44911,#3bc6f8
73,178,44912,#3bc6f8
73,179,44913,#3bc6f8
72,179,44914,#3bc6f8
72,180,44915,#3bc6f8
72,181,44916,#3bc6f8
71,181,44917,#3bc6f8
70,186,44918,#1840f8
70,187,44919,#1840f8
71,188,44920,#1840f8
71,189,44921,#1840f8
71,186,44926,#1840f8
71,187,44927,#1840f8
73,184,44928,#3bc6f8
72,185,44929,#3bc6f8
72,186,44930,#1840f8
73,182,44931,#a8e8f8
74,181,44932,#a8e8f8
75,181,44933,#3bc6f8
75,180,44934,#a8e8f8
73,185,44935,#1840f8
74,184,44936,#1840f8
75,183,44937,#1840f8
71,183,44938,#3bc6f8
72,182,44939,#a8e8f8
73,181,44940,#a8e8f8
73,180,44941,#3bc6f8
76,180,44942,#3bc6f8
77,180,44943,#3bc6f8
77,179,44944,#a8e8f8
78,179,44945,#3bc6f8
79,179,44946,#3bc6f8
80,179,44947,#3bc6f8
80,178,44948,#3bc6f8
81,178,44949,#3bc6f8
82,178,44950,#3bc6f8
83,178,44951,#3bc6f8
84,178,44952,#3bc6f8
85,178,44953,#3bc6f8
86,178,44954,#3bc6f8
87,178,44955,#3bc6f8
88,178,44956,#3bc6f8
89,178,44957,#3bc6f8
90,178,44958,#3bc6f8
91,179,44959,#3bc6f8
92,179,44960,#3bc6f8
91,178,44961,#3bc6f8
89,177,44962,#3bc6f8
90,177,44963,#3bc6f8
88,176,44964,#3bc6f8
87,176,44965,#3bc6f8
71,182,44966,#3bc6f8
74,178,44967,#3bc6f8
75,177,44968,#3bc6f8
77,174,44969,#3bc6f8
76,176,44970,#a8e8f8
76,177,44971,#dff4f8
76,178,44972,#a8e8f8
75,178,44973,#dff4f8
75,179,44974,#dff4f8
74,179,44975,#dff4f8
74,180,44976,#a8e8f8
105,180,44977,#3bc6f8
110,176,44978,#a8e8f8
111,175,44979,#a8e8f8
111,174,44980,#3bc6f8
112,174,44981,#a8e8f8
112,173,44982,#3bc6f8
113,171,44983,#a8e8f8
114,169,44984,#dff4f8
114,168,44985,#dff4f8
108,175,44986,#1840f8
109,174,44987,#1840f8
110,172,44988,#1840f8
110,171,44989,#1840f8
110,170,44990,#1840f8
111,170,44991,#1840f8
111,169,44992,#1840f8
97,175,44995,#1840f8
101,171,44996,#a8e8f8
101,170,44997,#a8e8f8
100,170,44998,#a8e8f8
100,169,44999,#a8e8f8
99,169,45000,#a8e8f8
99,168,45001,#a8e8f8
98,168,45002,#a8e8f8
98,167,45003,#a8e8f8
97,166,45004,#a8e8f8
97,165,45005,#dff4f8
96,165,45006,#a8e8f8
96,164,45007,#dff4f8
96,163,45008,#dff4f8
95,163,45009,#dff4f8
95,162,45010,#a8e8f8
97,164,45011,#dff4f8
99,167,45012,#a8e8f8
100,167,45013,#dff4f8
100,168,45014,#a8e8f8
101,169,45015,#a8e8f8
97,163,45016,#a8e8f8
96,162,45017,#a8e8f8
98,169,45018,#a8e8f8
99,170,45019,#a8e8f8
99,171,45020,#a8e8f8
100,171,45021,#a8e8f8
100,172,45022,#a8e8f8
99,172,45023,#a8e8f8
97,167,45024,#a8e8f8
101,168,45025,#dff4f8
102,170,45026,#a8e8f8
102,171,45027,#a8e8f8
106,173,45028,#a8e8f8
105,182,45029,#a8e8f8
105,181,45030,#a8e8f8
106,180,45031,#a8e8f8
107,179,45032,#a8e8f8
108,178,45033,#a8e8f8
111,176,45034,#dff4f8
112,175,45035,#dff4f8
113,174,45036,#dff4f8
113,173,45037,#a8e8f8
114,173,45038,#dff4f8
114,172,45039,#dff4f8
114,171,45040,#dff4f8
114,170,45041,#dff4f8
115,170,45042,#a8e8f8
115,171,45043,#a8e8f8
114,175,45044,#dff4f8
114,176,45045,#dff4f8
114,177,45046,#a8e8f8
113,177,45047,#dff4f8
113,176,45048,#dff4f8
113,175,45049,#dff4f8
113,172,45050,#a8e8f8
114,174,45051,#dff4f8
113,178,45052,#a8e8f8
113,179,45053,#a8e8f8
113,180,45054,#a8e8f8
113,181,45055,#a8e8f8
112,181,45056,#a8e8f8
112,182,45057,#a8e8f8
111,182,45058,#a8e8f8
111,183,45059,#a8e8f8
111,184,45060,#a8e8f8
110,184,45061,#a8e8f8
110,185,45062,#a8e8f8
112,183,45063,#a8e8f8
110,183,45064,#a8e8f8
109,183,45065,#a8e8f8
109,184,45066,#a8e8f8
108,184,45067,#a8e8f8
108,183,45068,#a8e8f8
107,183,45069,#a8e8f8
106,183,45070,#a8e8f8
105,183,45071,#a8e8f8
106,182,45072,#dff4f8
107,182,45073,#dff4f8
108,182,45074,#dff4f8
109,182,45075,#a8e8f8
110,182,45076,#a8e8f8
108,181,45077,#dff4f8
109,181,45078,#dff4f8
110,181,45079,#a8e8f8
107,181,45080,#dff4f8
106,181,45081,#a8e8f8
108,180,45082,#dff4f8
109,180,45083,#dff4f8
110,180,45084,#dff4f8
110,179,45085,#dff4f8
111,179,45086,#dff4f8
112,179,45087,#a8e8f8
110,178,45088,#dff4f8
109,178,45089,#a8e8f8
111,178,45090,#dff4f8
109,179,45091,#dff4f8
108,179,45092,#a8e8f8
110,177,45093,#a8e8f8
111,177,45094,#dff4f8
112,176,45095,#a8e8f8
112,178,45096,#dff4f8
107,180,45097,#dff4f8
112,177,45098,#dff4f8
111,180,45099,#a8e8f8
112,180,45100,#a8e8f8
111,181,45101,#a8e8f8
96,188,45102,#a8e8f8
96,187,45103,#a8e8f8
95,189,45104,#a8e8f8
95,188,45105,#a8e8f8
94,188,45106,#a8e8f8
94,187,45107,#a8e8f8
93,188,45108,#a8e8f8
93,189,45109,#dff4f8
92,189,45110,#dff4f8
92,190,45111,#dff4f8
91,191,45112,#dff4f8
91,192,45113,#dff4f8
91,193,45114,#dff4f8
91,190,45115,#dff4f8
92,188,45116,#a8e8f8
91,194,45117,#dff4f8
90,195,45118,#a8e8f8
91,197,45119,#dff4f8
91,198,45120,#dff4f8
92,198,45121,#a8e8f8
92,199,45122,#dff4f8
93,199,45123,#a8e8f8
93,200,45124,#dff4f8
94,200,45125,#dff4f8
94,201,45126,#dff4f8
95,201,45127,#dff4f8
96,201,45128,#a8e8f8
96,202,45129,#dff4f8
97,202,45130,#a8e8f8
98,202,45131,#a8e8f8
99,202,45132,#a8e8f8
103,203,45133,#a8e8f8
102,203,45134,#a8e8f8
101,204,45135,#a8e8f8
100,204,45136,#a8e8f8
99,204,45137,#a8e8f8
100,203,45138,#a8e8f8
101,203,45139,#a8e8f8
104,203,45140,#a8e8f8
99,203,45141,#a8e8f8
98,203,45142,#a8e8f8
97,203,45143,#a8e8f8
95,202,45144,#dff4f8
98,201,45145,#a8e8f8
97,201,45146,#a8e8f8
95,200,45147,#a8e8f8
96,200,45148,#a8e8f8
95,199,45149,#a8e8f8
94,199,45150,#a8e8f8
94,198,45151,#a8e8f8
93,198,45152,#a8e8f8
92,197,45153,#a8e8f8
93,197,45154,#a8e8f8
94,197,45155,#a8e8f8
93,196,45156,#a8e8f8
92,196,45157,#a8e8f8
91,196,45158,#dff4f8
94,196,45159,#a8e8f8
93,195,45160,#a8e8f8
92,195,45161,#a8e8f8
93,194,45162,#a8e8f8
94,194,45163,#a8e8f8
92,194,45164,#a8e8f8
91,195,45165,#dff4f8
94,195,45166,#a8e8f8
94,193,45167,#a8e8f8
94,192,45168,#a8e8f8
93,192,45169,#a8e8f8
93,191,45170,#a8e8f8
93,190,45171,#a8e8f8
94,189,45172,#a8e8f8
92,191,45173,#a8e8f8
92,192,45174,#a8e8f8
94,191,45175,#a8e8f8
94,190,45176,#a8e8f8
93,193,45177,#a8e8f8
92,193,45178,#a8e8f8
77,178,45179,#a8e8f8
78,178,45180,#a8e8f8
78,177,45181,#a8e8f8
79,177,45182,#a8e8f8
80,177,45183,#a8e8f8
76,179,45184,#a8e8f8
77,177,45185,#dff4f8
78,176,45186,#dff4f8
79,176,45187,#a8e8f8
79,175,45188,#dff4f8
80,175,45189,#dff4f8
81,175,45190,#a8e8f8
82,175,45191,#a8e8f8
83,175,45192,#a8e8f8
82,176,45193,#a8e8f8
81,176,45194,#a8e8f8
80,176,45195,#a8e8f8
77,176,45196,#dff4f8
81,177,45197,#a8e8f8
82,177,45198,#a8e8f8
83,177,45199,#a8e8f8
84,177,45200,#a8e8f8
85,177,45201,#a8e8f8
86,177,45202,#a8e8f8
87,177,45203,#a8e8f8
88,177,45204,#a8e8f8
85,176,45205,#a8e8f8
84,176,45206,#a8e8f8
83,176,45207,#a8e8f8
85,175,45208,#a8e8f8
84,175,45209,#a8e8f8
86,176,45210,#a8e8f8
79,178,45211,#a8e8f8
78,172,45212,#1840f8
79,172,45213,#1840f8
80,172,45214,#1840f8
81,172,45215,#1840f8
82,172,45216,#1840f8
83,172,45217,#1840f8
84,172,45218,#1840f8
85,172,45219,#1840f8
86,172,45220,#1840f8
87,172,45221,#1840f8
124,195,45222,#1840f8
123,195,45223,#1840f8
122,195,45224,#1840f8
122,194,45225,#1840f8
122,193,45226,#1840f8
122,192,45227,#1840f8
122,191,45228,#3bc6f8
122,190,45229,#3bc6f8
123,190,45230,#1840f8
123,189,45231,#3bc6f8
123,188,45232,#a8e8f8
124,188,45233,#1840f8
125,188,45234,#1840f8
125,187,45235,#1840f8
125,186,45236,#1840f8
124,186,45237,#1840f8
124,185,45238,#1840f8
123,184,45239,#1840f8
123,183,45240,#1840f8
122,183,45241,#3bc6f8
122,182,45242,#1840f8
121,182,45243,#3bc6f8
121,181,45244,#3bc6f8
122,181,45245,#1840f8
123,180,45246,#a8e8f8
124,180,45247,#1840f8
125,179,45248,#1840f8
125,178,45249,#1840f8
125,177,45250,#1840f8
126,177,45251,#1840f8
126,176,45252,#1840f8
126,175,45253,#1840f8
125,175,45254,#a8e8f8
125,174,45255,#a8e8f8
103,196,45256,#1840f8
104,196,45257,#1840f8
104,195,45258,#1840f8
105,194,45259,#1840f8
105,193,45260,#1840f8
105,192,45261,#1840f8
104,193,45262,#1840f8
104,194,45263,#1840f8
103,194,45264,#1840f8
102,194,45265,#1840f8
101,194,45266,#1840f8
101,193,45267,#1840f8
101,192,45268,#3bc6f8
100,192,45269,#1840f8
100,191,45270,#1840f8
100,193,45271,#1840f8
100,194,45272,#1840f8
102,195,45273,#1840f8
103,195,45274,#1840f8
86,183,45275,#1840f8
85,183,45276,#1840f8
85,184,45277,#3bc6f8
84,184,45278,#1840f8
84,185,45279,#3bc6f8
83,185,45280,#1840f8
83,186,45281,#1840f8
82,186,45282,#1840f8
82,187,45283,#1840f8
82,188,45284,#1840f8
82,189,45285,#1840f8
82,190,45286,#1840f8
82,191,45287,#1840f8
79,198,45288,#3bc6f8
79,197,45289,#3bc6f8
79,196,45290,#1840f8
79,195,45291,#1840f8
79,194,45292,#3bc6f8
78,193,45293,#1840f8
78,192,45294,#1840f8
78,191,45295,#1840f8
78,190,45296,#3bc6f8
78,189,45297,#3bc6f8
77,189,45298,#1840f8
77,188,45299,#1840f8
77,187,45300,#3bc6f8
77,186,45301,#3bc6f8
91,170,45302,#1840f8
90,170,45303,#1840f8
89,170,45304,#1840f8
89,169,45305,#1840f8
88,169,45306,#1840f8
88,168,45307,#1840f8
87,168,45308,#1840f8
86,168,45309,#1840f8
86,167,45310,#1840f8
85,167,45311,#1840f8
84,167,45312,#1840f8
84,166,45313,#1840f8
83,166,45314,#1840f8
83,165,45315,#3bc6f8
82,165,45316,#1840f8
81,165,45317,#1840f8
81,164,45318,#1840f8
81,163,45319,#3bc6f8
80,162,45320,#1840f8
80,161,45321,#3bc6f8
80,160,45322,#3bc6f8
79,160,45323,#1840f8
79,159,45324,#3bc6f8
78,159,45325,#1840f8
109,165,45326,#1840f8
109,164,45327,#1840f8
109,163,45328,#1840f8
109,162,45329,#1840f8
109,161,45330,#1840f8
109,160,45331,#1840f8
109,159,45332,#1840f8
108,159,45333,#1840f8
108,158,45334,#1840f8
108,157,45335,#1840f8
109,157,45336,#1840f8
109,156,45337,#1840f8
109,155,45338,#1840f8
110,155,45339,#1840f8
110,154,45340,#1840f8
111,153,45341,#a8e8f8
111,152,45342,#1840f8
111,151,45343,#1840f8
112,150,45344,#3bc6f8
112,149,45345,#1840f8
128,164,45346,#1840f8
128,163,45347,#1840f8
128,162,45348,#1840f8
128,161,45349,#1840f8
127,155,45356,#1840f8
127,154,45357,#1840f8
99,127,45358,#1840f8
99,126,45359,#1840f8
98,125,45360,#1840f8
98,124,45361,#1840f8
98,123,45362,#1840f8
97,121,45363,#3bc6f8
97,120,45364,#3bc6f8
97,119,45365,#3bc6f8
97,118,45366,#1840f8
97,117,45367,#1840f8
97,116,45368,#1840f8
97,115,45369,#1840f8
97,114,45370,#1840f8
97,113,45371,#1840f8
98,113,45372,#a8e8f8
97,112,45373,#1840f8
96,112,45374,#1840f8
96,111,45375,#1840f8
96,110,45376,#1840f8
96,109,45377,#3bc6f8
95,109,45378,#1840f8
97,111,45379,#1840f8
83,131,45380,#1840f8
83,132,45381,#1840f8
83,133,45382,#1840f8
83,134,45383,#1840f8
83,135,45384,#1840f8
84,136,45385,#3bc6f8
84,137,45386,#3bc6f8
83,137,45387,#1840f8
83,138,45388,#1840f8
83,139,45389,#1840f8
83,140,45390,#1840f8
82,140,45391,#1840f8
81,100,45392,#3bc6f8
80,100,45393,#1840f8
80,99,45394,#3bc6f8
80,98,45395,#3bc6f8
79,98,45396,#1840f8
79,97,45397,#1840f8
78,96,45398,#1840f8
79,96,45399,#3bc6f8
79,95,45400,#3bc6f8
78,94,45401,#1840f8
78,93,45402,#1840f8
78,92,45403,#1840f8
79,92,45404,#1840f8
79,91,45405,#1840f8
80,91,45406,#1840f8
80,90,45407,#1840f8
79,90,45408,#1840f8
79,89,45409,#1840f8
78,88,45410,#1840f8
77,88,45411,#1840f8
77,87,45412,#1840f8
77,86,45413,#1840f8
123,98,45414,#3bc6f8
123,97,45415,#3bc6f8
124,97,45416,#3bc6f8
124,96,45417,#3bc6f8
125,95,45418,#3bc6f8
126,94,45419,#3bc6f8
126,93,45420,#3bc6f8
127,93,45421,#3bc6f8
127,92,45422,#3bc6f8
127,91,45423,#1840f8
127,90,45424,#1840f8
128,90,45425,#3bc6f8
128,89,45426,#3bc6f8
127,89,45427,#1840f8
126,89,45428,#a8e8f8
126,88,45429,#1840f8
126,87,45430,#1840f8
126,86,45431,#1840f8
125,85,45433,#1840f8
125,84,45434,#1840f8
125,83,45435,#1840f8
126,83,45436,#a8e8f8
126,82,45437,#a8e8f8
121,193,45438,#3bc6f8
121,192,45439,#3bc6f8
121,191,45440,#3bc6f8
122,189,45441,#a8e8f8
123,187,45442,#a8e8f8
123,186,45443,#3bc6f8
123,185,45444,#3bc6f8
122,185,45445,#a8e8f8
122,184,45446,#3bc6f8
121,183,45447,#a8e8f8
121,180,45448,#3bc6f8
122,179,45449,#3bc6f8
123,179,45450,#a8e8f8
123,178,45451,#3bc6f8
124,178,45452,#a8e8f8
124,177,45453,#a8e8f8
124,176,45454,#a8e8f8
124,175,45455,#3bc6f8
124,174,45456,#3bc6f8
124,173,45457,#3bc6f8
129,163,45458,#3bc6f8
129,162,45459,#3bc6f8
129,161,45460,#3bc6f8
129,160,45461,#3bc6f8
129,159,45462,#3bc6f8
129,158,45463,#3bc6f8
129,157,45464,#3bc6f8
129,156,45465,#3bc6f8
128,156,45466,#3bc6f8
128,155,45467,#3bc6f8
128,157,45468,#a8e8f8
128,158,45469,#a8e8f8
128,159,45470,#a8e8f8
127,156,45471,#1840f8
125,96,45472,#3bc6f8
126,95,45473,#3bc6f8
128,91,45474,#3bc6f8
128,88,45475,#3bc6f8
128,87,45476,#a8e8f8
127,87,45477,#3bc6f8
127,86,45478,#3bc6f8
127,85,45479,#a8e8f8
127,84,45480,#a8e8f8
127,83,45481,#3bc6f8
127,88,45482,#3bc6f8
100,125,45483,#a8e8f8
99,125,45484,#3bc6f8
99,124,45485,#a8e8f8
99,123,45486,#a8e8f8
99,122,45487,#a8e8f8
99,121,45488,#a8e8f8
99,120,45489,#a8e8f8
99,119,45490,#a8e8f8
98,119,45491,#3bc6f8
98,118,45492,#3bc6f8
98,117,45493,#a8e8f8
98,116,45494,#a8e8f8
98,115,45495,#a8e8f8
98,114,45496,#a8e8f8
98,112,45497,#a8e8f8
98,111,45498,#3bc6f8
98,110,45499,#3bc6f8
97,110,45500,#3bc6f8
97,109,45501,#3bc6f8
81,99,45502,#3bc6f8
80,97,45503,#a8e8f8
80,96,45504,#a8e8f8
79,94,45505,#3bc6f8
80,93,45506,#a8e8f8
80,92,45507,#3bc6f8
81,92,45508,#a8e8f8
81,91,45509,#a8e8f8
81,90,45510,#a8e8f8
81,89,45511,#a8e8f8
80,89,45512,#3bc6f8
80,88,45513,#a8e8f8
79,88,45514,#3bc6f8
79,87,45515,#a8e8f8
78,87,45516,#3bc6f8
84,139,45517,#a8e8f8
84,138,45518,#a8e8f8
84,135,45519,#3bc6f8
84,134,45520,#3bc6f8
84,133,45521,#3bc6f8
84,132,45522,#3bc6f8
90,169,45523,#3bc6f8
90,168,45524,#a8e8f8
89,168,45525,#a8e8f8
88,167,45526,#a8e8f8
87,167,45527,#3bc6f8
87,166,45528,#a8e8f8
86,166,45529,#a8e8f8
85,166,45530,#3bc6f8
85,165,45531,#a8e8f8
84,165,45532,#3bc6f8
83,164,45533,#3bc6f8
82,164,45534,#3bc6f8
82,163,45535,#3bc6f8
81,162,45536,#3bc6f8
81,161,45537,#a8e8f8
80,159,45538,#3bc6f8
80,197,45539,#3bc6f8
80,196,45540,#3bc6f8
80,195,45541,#3bc6f8
79,193,45542,#3bc6f8
79,192,45543,#3bc6f8
79,191,45544,#3bc6f8
79,190,45545,#a8e8f8
78,188,45546,#3bc6f8
78,187,45547,#3bc6f8
83,192,45548,#3bc6f8
83,191,45549,#3bc6f8
83,190,45550,#a8e8f8
83,189,45551,#a8e8f8
83,188,45552,#3bc6f8
83,187,45553,#3bc6f8
84,187,45554,#a8e8f8
84,186,45555,#3bc6f8
85,185,45556,#a8e8f8
86,184,45557,#a8e8f8
101,191,45558,#3bc6f8
102,192,45559,#3bc6f8
103,192,45560,#3bc6f8
104,192,45561,#3bc6f8
104,191,45562,#3bc6f8
102,193,45563,#3bc6f8
103,193,45564,#3bc6f8
105,191,45565,#3bc6f8
110,165,45566,#3bc6f8
110,164,45567,#3bc6f8
110,163,45568,#a8e8f8
110,162,45569,#a8e8f8
110,161,45570,#a8e8f8
110,160,45571,#a8e8f8
110,159,45572,#a8e8f8
110,158,45573,#3bc6f8
109,158,45574,#3bc6f8
110,157,45575,#3bc6f8
111,157,45576,#a8e8f8
111,156,45577,#a8e8f8
111,155,45578,#a8e8f8
110,156,45579,#3bc6f8
112,154,45580,#3bc6f8
112,153,45581,#a8e8f8
112,152,45582,#a8e8f8
111,154,45583,#a8e8f8
112,151,45584,#3bc6f8
113,150,45585,#a8e8f8
113,149,45586,#3bc6f8
124,187,45587,#a8e8f8
122,188,45588,#a8e8f8
122,187,45589,#a8e8f8
122,186,45590,#a8e8f8
121,185,45591,#a8e8f8
121,184,45592,#a8e8f8
122,180,45593,#a8e8f8
124,179,45594,#a8e8f8
125,176,45595,#a8e8f8
128,160,45596,#a8e8f8
126,152,45602,#a8e8f8
126,153,45603,#a8e8f8
127,157,45604,#1840f8
127,158,45605,#1840f8
127,159,45606,#1840f8
127,160,45607,#1840f8
123,96,45608,#a8e8f8
126,92,45615,#a8e8f8
126,91,45616,#a8e8f8
125,94,45617,#a8e8f8
124,95,45618,#a8e8f8
126,90,45625,#a8e8f8
125,86,45626,#1840f8
126,85,45627,#3bc6f8
126,84,45628,#a8e8f8
98,122,45629,#3bc6f8
98,121,45630,#3bc6f8
98,120,45631,#3bc6f8
79,93,45632,#3bc6f8
83,136,45633,#3bc6f8
100,124,45634,#a8e8f8
99,118,45635,#a8e8f8
99,117,45636,#a8e8f8
81,98,45637,#a8e8f8
81,97,45638,#a8e8f8
80,95,45639,#a8e8f8
80,94,45640,#a8e8f8
80,87,45641,#a8e8f8
79,86,45642,#a8e8f8
79,85,45643,#a8e8f8
78,85,45644,#a8e8f8
78,84,45645,#a8e8f8
128,86,45660,#a8e8f8
126,81,45661,#a8e8f8
126,80,45662,#a8e8f8
126,79,45663,#a8e8f8
126,78,45664,#a8e8f8
126,77,45665,#a8e8f8
125,77,45666,#a8e8f8
125,76,45667,#a8e8f8
85,138,45668,#a8e8f8
85,137,45669,#a8e8f8
85,136,45670,#a8e8f8
85,135,45671,#a8e8f8
85,134,45672,#a8e8f8
85,133,45673,#a8e8f8
85,132,45674,#a8e8f8
85,131,45675,#a8e8f8
85,130,45676,#a8e8f8
84,130,45677,#a8e8f8
84,129,45678,#a8e8f8
84,128,45679,#a8e8f8
89,167,45680,#a8e8f8
88,166,45681,#a8e8f8
86,165,45682,#a8e8f8
85,164,45683,#a8e8f8
84,164,45684,#a8e8f8
82,162,45685,#a8e8f8
82,161,45686,#a8e8f8
81,160,45687,#a8e8f8
79,157,45688,#a8e8f8
79,156,45689,#a8e8f8
79,189,45690,#a8e8f8
79,188,45691,#a8e8f8
79,187,45692,#a8e8f8
79,186,45693,#a8e8f8
78,186,45694,#a8e8f8
78,185,45695,#a8e8f8
73,166,45696,#a8e8f8
73,165,45697,#a8e8f8
73,164,45698,#a8e8f8
73,163,45699,#a8e8f8
73,162,45700,#3bc6f8
73,161,45701,#3bc6f8
73,160,45702,#3bc6f8
72,160,45703,#a8e8f8
72,159,45704,#a8e8f8
73,135,45705,#a8e8f8
73,134,45706,#a8e8f8
73,133,45707,#a8e8f8
73,132,45708,#3bc6f8
72,132,45709,#a8e8f8
115,114,45710,#a8e8f8
115,113,45711,#a8e8f8
115,112,45712,#a8e8f8
114,111,45713,#a8e8f8
114,110,45714,#a8e8f8
84,188,45715,#a8e8f8
85,186,45716,#a8e8f8
87,183,45717,#a8e8f8
100,189,45718,#a8e8f8
101,189,45719,#a8e8f8
101,190,45720,#a8e8f8
102,190,45721,#a8e8f8
103,190,45722,#a8e8f8
104,190,45723,#a8e8f8
111,159,45731,#a8e8f8
111,158,45732,#a8e8f8
113,151,45733,#a8e8f8
114,150,45734,#a8e8f8
114,149,45735,#a8e8f8
114,148,45736,#a8e8f8
114,147,45737,#a8e8f8
115,147,45738,#a8e8f8
115,146,45739,#a8e8f8
114,146,45740,#a8e8f8
111,120,45741,#a8e8f8
111,119,45742,#a8e8f8
111,118,45743,#a8e8f8
111,117,45744,#a8e8f8
111,116,45745,#3bc6f8
110,116,45746,#a8e8f8
110,115,45747,#3bc6f8
109,115,45748,#a8e8f8
112,119,45749,#3bc6f8
112,118,45750,#3bc6f8
112,117,45751,#3bc6f8
111,115,45752,#3bc6f8
110,114,45753,#3bc6f8
109,114,45754,#3bc6f8
114,114,45755,#3bc6f8
114,113,45756,#3bc6f8
113,112,45757,#3bc6f8
113,111,45758,#3bc6f8
113,110,45759,#3bc6f8
113,109,45760,#3bc6f8
113,108,45761,#3bc6f8
74,134,45762,#3bc6f8
74,133,45763,#3bc6f8
73,131,45764,#3bc6f8
73,130,45765,#3bc6f8
72,130,45766,#3bc6f8
73,159,45767,#3bc6f8
73,158,45768,#3bc6f8
73,157,45769,#3bc6f8
72,157,45770,#3bc6f8
72,156,45771,#3bc6f8
135,129,45772,#a8e8f8
135,128,45773,#a8e8f8
133,130,45774,#a8e8f8
133,129,45775,#a8e8f8
133,128,45776,#a8e8f8
133,127,45777,#a8e8f8
133,126,45778,#a8e8f8
137,102,45780,#a8e8f8
134,97,45789,#a8e8f8
134,96,45790,#a8e8f8
133,95,45791,#a8e8f8
132,97,45796,#a8e8f8
132,96,45797,#a8e8f8
132,95,45798,#a8e8f8
132,94,45799,#a8e8f8
129,127,45800,#a8e8f8
129,126,45801,#a8e8f8
129,125,45802,#a8e8f8
129,124,45803,#a8e8f8
136,124,45804,#a8e8f8
136,119,45809,#a8e8f8
136,118,45810,#a8e8f8
136,117,45811,#a8e8f8
136,116,45812,#a8e8f8
136,115,45813,#a8e8f8
132,98,45814,#a8e8f8
132,99,45815,#a8e8f8
132,100,45816,#a8e8f8
