136,130,25220,#f80000
137,130,25221,#f80000
138,130,25222,#f80000
135,131,25223,#000000
136,131,25224,#000000
137,131,25225,#000000
138,131,25226,#000000
134,131,25227,#000000
138,132,25228,#000000
138,133,25229,#000000
138,134,25230,#000000
138,135,25231,#000000
138,136,25232,#000000
138,137,25233,#000000
138,138,25234,#000000
138,139,25235,#000000
138,140,25236,#000000
138,141,25237,#000000
138,142,25238,#000000
138,143,25239,#000000
138,144,25240,#000000
136,144,25241,#000000
137,144,25242,#000000
135,143,25243,#000000
134,142,25244,#000000
133,136,25245,#282828
134,136,25246,#282828
134,137,25247,#282828
134,138,25248,#282828
134,139,25249,#282828
133,135,25250,#282828
133,134,25251,#282828
133,133,25252,#282828
133,132,25253,#000000
134,140,25254,#282828
134,141,25255,#000000
133,140,25256,#000000
132,140,25257,#000000
131,140,25258,#000000
130,140,25259,#000000
129,140,25260,#000000
128,141,25261,#000000
127,141,25262,#000000
126,141,25263,#000000
125,141,25264,#000000
120,139,25265,#000000
121,140,25266,#000000
122,141,25267,#000000
123,142,25268,#000000
124,142,25269,#000000
134,133,25270,#282828
135,133,25271,#282828
136,133,25272,#282828
137,133,25273,#282828
134,134,25274,#282828
135,134,25275,#282828
136,134,25276,#282828
137,134,25277,#282828
134,135,25278,#282828
135,135,25279,#282828
136,135,25280,#282828
137,135,25281,#282828
135,136,25282,#282828
135,137,25283,#282828
135,138,25284,#282828
137,136,25285,#282828
136,136,25286,#282828
137,137,25287,#282828
137,138,25288,#282828
137,139,25289,#282828
137,140,25290,#282828
137,141,25291,#282828
137,142,25292,#282828
137,143,25293,#282828
136,137,25294,#282828
138,145,25295,#f80000
137,145,25296,#f80000
136,145,25297,#f80000
135,144,25298,#f80000
134,143,25299,#f80000
133,142,25300,#f80000
133,141,25301,#f80000
132,141,25302,#f80000
129,141,25303,#f80000
130,141,25304,#f80000
131,141,25305,#f80000
125,142,25306,#f80000
126,142,25307,#f80000
127,142,25308,#f80000
128,142,25309,#f80000
123,143,25310,#f80000
124,143,25311,#f80000
122,142,25312,#f80000
121,141,25313,#f80000
120,140,25314,#f80000
133,130,25315,#f80000
134,130,25316,#f80000
135,130,25317,#f80000
132,131,25318,#f80000
134,132,25319,#505050
135,132,25320,#505050
136,132,25321,#505050
137,132,25322,#505050
135,141,25323,#d86020
136,141,25324,#d86020
136,140,25325,#fb9043
136,139,25326,#fb9043
136,142,25327,#fb9043
136,143,25328,#fb9043
135,140,25329,#f8c880
135,142,25330,#f8c880
135,139,25331,#282828
136,138,25332,#282828
133,139,25333,#e84000
133,138,25334,#e84000
133,137,25335,#e84000
132,139,25336,#e84000
132,138,25337,#e84000
132,137,25338,#e84000
132,136,25339,#e84000
132,132,25340,#000000
131,132,25341,#000000
130,133,25342,#000000
129,133,25343,#000000
128,133,25344,#000000
127,133,25345,#000000
126,134,25346,#000000
125,134,25347,#000000
125,133,25348,#000000
124,132,25349,#000000
124,131,25350,#000000
124,130,25351,#000000
123,129,25352,#000000
123,128,25353,#000000
122,127,25354,#000000
122,126,25355,#000000
122,125,25356,#000000
121,126,25357,#000000
120,127,25358,#000000
120,128,25359,#000000
119,129,25360,#000000
119,130,25361,#000000
119,138,25362,#000000
118,137,25363,#000000
117,136,25364,#000000
116,135,25365,#000000
115,134,25366,#000000
115,133,25367,#000000
115,132,25368,#000000
115,131,25369,#000000
115,130,25370,#000000
115,129,25371,#000000
115,128,25372,#000000
115,127,25373,#000000
115,126,25374,#000000
115,125,25375,#000000
115,124,25376,#000000
115,123,25377,#000000
114,120,25378,#000000
114,121,25379,#000000
115,122,25380,#000000
116,129,25381,#000000
117,129,25382,#000000
118,129,25383,#000000
132,133,25384,#e84000
132,134,25385,#e84000
132,135,25386,#e84000
131,133,25387,#e84000
131,134,25388,#e84000
131,135,25389,#e84000
131,136,25390,#e84000
131,137,25391,#e84000
131,138,25392,#e84000
131,139,25393,#e84000
129,134,25394,#e84000
129,135,25395,#e84000
130,135,25396,#e84000
130,136,25397,#e84000
130,137,25398,#e84000
130,138,25399,#e84000
130,139,25400,#e84000
130,134,25401,#e84000
128,134,25402,#e84000
127,134,25403,#e84000
127,135,25404,#e84000
127,136,25405,#e84000
127,137,25406,#e84000
127,138,25407,#e84000
127,139,25408,#e84000
127,140,25409,#e84000
128,135,25410,#e84000
128,136,25411,#e84000
128,137,25412,#e84000
128,138,25413,#e84000
128,139,25414,#e84000
128,140,25415,#e84000
129,136,25416,#e84000
129,137,25417,#e84000
129,138,25418,#e84000
129,139,25419,#e84000
126,135,25420,#e84000
126,136,25421,#e84000
126,137,25422,#e84000
126,138,25423,#e84000
126,139,25424,#e84000
126,140,25425,#e84000
125,135,25426,#e84000
125,136,25427,#e84000
125,137,25428,#e84000
125,138,25429,#e84000
125,139,25430,#e84000
125,140,25431,#e84000
124,133,25432,#e84000
124,134,25433,#e84000
124,135,25434,#e84000
124,136,25435,#e84000
124,137,25436,#e84000
124,138,25437,#e84000
124,139,25438,#e84000
124,140,25439,#e84000
124,141,25440,#f89840
123,141,25441,#e84000
123,140,25442,#f89840
123,139,25443,#e84000
123,138,25444,#e84000
123,137,25445,#e84000
123,136,25446,#e84000
123,135,25447,#e84000
123,134,25448,#e84000
123,133,25449,#e84000
123,132,25450,#e84000
123,131,25451,#e84000
123,130,25452,#e84000
122,128,25453,#e84000
122,129,25454,#e84000
122,130,25455,#e84000
122,131,25456,#e84000
122,132,25457,#e84000
122,133,25458,#e84000
122,134,25459,#e84000
122,135,25460,#e84000
122,136,25461,#e84000
122,137,25462,#e84000
122,138,25463,#e84000
122,139,25464,#f89840
122,140,25465,#e84000
121,139,25466,#e84000
121,138,25467,#f89840
121,137,25468,#e84000
121,136,25469,#e84000
121,135,25470,#e84000
121,134,25471,#e84000
121,133,25472,#e84000
121,132,25473,#e84000
121,131,25474,#e84000
121,130,25475,#e84000
121,129,25476,#e84000
121,128,25477,#e84000
121,127,25478,#e84000
120,129,25479,#e84000
120,130,25480,#e84000
120,131,25481,#e84000
120,132,25482,#e84000
120,133,25483,#e84000
120,134,25484,#e84000
120,135,25485,#e84000
120,136,25486,#e84000
119,137,25487,#e84000
119,136,25488,#f89840
119,135,25489,#e84000
119,134,25490,#e84000
119,133,25491,#e84000
119,132,25492,#e84000
119,131,25493,#e84000
118,130,25494,#e84000
118,131,25495,#e84000
118,132,25496,#e84000
118,133,25497,#e84000
118,134,25498,#e84000
118,135,25499,#e84000
118,136,25500,#e84000
117,135,25501,#e84000
117,134,25502,#e84000
117,133,25503,#e84000
117,132,25504,#e84000
117,131,25505,#e84000
117,130,25506,#e84000
116,134,25507,#e84000
116,133,25508,#e84000
116,132,25509,#e84000
116,131,25510,#e84000
116,130,25511,#e84000
120,137,25512,#f89840
120,138,25513,#e84000
133,131,25514,#f80000
131,131,25515,#f80000
130,132,25516,#f80000
129,132,25517,#f80000
128,132,25518,#f80000
126,133,25519,#f80000
125,132,25520,#f80000
125,131,25521,#f80000
125,130,25522,#f80000
124,129,25523,#f80000
124,128,25524,#f80000
123,127,25525,#f80000
123,126,25526,#f80000
123,125,25527,#f80000
124,124,25528,#f80000
123,124,25529,#000000
124,123,25530,#000000
125,122,25531,#000000
126,121,25532,#000000
127,121,25533,#000000
128,120,25534,#000000
129,119,25535,#000000
130,118,25536,#000000
131,117,25537,#000000
131,116,25538,#000000
132,115,25539,#000000
132,114,25540,#000000
133,113,25541,#000000
133,112,25542,#000000
133,111,25543,#000000
134,110,25544,#000000
136,109,25545,#000000
135,109,25546,#000000
137,109,25547,#000000
138,109,25548,#000000
137,108,25549,#282828
136,108,25550,#282828
136,107,25551,#282828
135,108,25552,#282828
135,107,25553,#282828
135,106,25554,#282828
135,105,25555,#282828
135,104,25556,#282828
134,105,25557,#282828
134,106,25558,#282828
134,107,25559,#282828
134,108,25560,#282828
133,107,25561,#282828
133,106,25562,#282828
133,105,25563,#282828
132,107,25564,#282828
132,106,25565,#282828
131,106,25566,#282828
125,123,25567,#f80000
126,122,25568,#f80000
127,122,25569,#f80000
128,121,25570,#f80000
129,120,25571,#f80000
130,119,25572,#f80000
131,118,25573,#f80000
132,117,25574,#f80000
132,116,25575,#f80000
133,115,25576,#f80000
133,114,25577,#f80000
134,113,25578,#f80000
134,112,25579,#f80000
134,111,25580,#f80000
135,110,25581,#f80000
139,108,25582,#000000
138,108,25583,#000000
138,107,25584,#000000
138,106,25585,#000000
139,107,25586,#000000
139,106,25587,#000000
139,105,25588,#000000
139,104,25589,#000000
139,103,25590,#000000
138,105,25591,#000000
138,104,25592,#000000
138,103,25593,#000000
138,101,25594,#000000
138,102,25595,#000000
139,102,25596,#000000
138,100,25597,#000000
137,100,25598,#000000
139,101,25599,#000000
136,101,25600,#000000
135,101,25601,#000000
134,102,25602,#000000
133,102,25603,#000000
132,103,25604,#000000
131,104,25605,#000000
130,105,25606,#000000
129,106,25607,#000000
128,107,25608,#000000
127,108,25609,#000000
126,110,25610,#000000
126,109,25611,#000000
125,111,25612,#000000
125,112,25613,#000000
124,113,25614,#000000
123,113,25615,#000000
122,114,25616,#000000
121,114,25617,#000000
120,115,25618,#000000
119,115,25619,#000000
118,116,25620,#000000
117,116,25621,#000000
116,116,25622,#000000
115,117,25623,#000000
114,117,25624,#000000
113,119,25625,#000000
113,118,25626,#000000
114,118,25627,#e84000
114,119,25628,#e84000
115,120,25629,#e84000
115,121,25630,#e84000
137,101,25631,#505050
136,102,25632,#505050
135,103,25633,#505050
134,104,25634,#505050
132,105,25635,#505050
131,105,25636,#505050
132,104,25637,#a0a0a0
133,104,25638,#a0a0a0
133,103,25639,#a0a0a0
134,103,25640,#a0a0a0
135,102,25641,#a0a0a0
137,105,25642,#d86020
137,106,25643,#fb9043
137,107,25644,#fb9043
136,105,25645,#fb9043
137,103,25646,#fb9043
137,104,25647,#f8c880
136,104,25648,#f8c880
136,103,25649,#f8c880
137,102,25650,#f8c880
136,106,25651,#f8c880
130,106,25652,#282828
131,107,25653,#282828
133,108,25654,#282828
134,109,25655,#282828
129,107,25656,#e84000
130,107,25657,#e84000
128,108,25658,#e84000
130,108,25659,#e84000
131,108,25660,#e84000
132,108,25661,#e84000
130,109,25662,#e84000
131,109,25663,#e84000
132,109,25664,#e84000
133,109,25665,#e84000
129,109,25666,#e84000
127,109,25667,#e84000
126,111,25668,#e84000
128,110,25669,#e84000
128,111,25670,#e84000
130,110,25671,#e84000
131,110,25672,#e84000
132,110,25673,#e84000
133,110,25674,#e84000
129,110,25675,#e84000
129,111,25676,#e84000
130,111,25677,#e84000
131,111,25678,#e84000
132,111,25679,#e84000
132,112,25680,#e84000
131,112,25681,#e84000
130,112,25682,#e84000
129,112,25683,#e84000
128,112,25684,#e84000
127,112,25685,#e84000
125,113,25686,#e84000
126,114,25687,#e84000
126,115,25688,#e84000
126,116,25689,#e84000
127,113,25690,#e84000
128,113,25691,#e84000
129,113,25692,#e84000
130,113,25693,#e84000
131,113,25694,#e84000
132,113,25695,#e84000
128,114,25696,#e84000
129,114,25697,#e84000
130,114,25698,#e84000
131,114,25699,#e84000
127,115,25700,#e84000
127,114,25701,#e84000
127,116,25702,#e84000
127,117,25703,#e84000
128,115,25704,#e84000
128,116,25705,#e84000
128,117,25706,#e84000
128,118,25707,#e84000
128,119,25708,#e84000
129,115,25709,#e84000
129,116,25710,#e84000
129,117,25711,#e84000
129,118,25712,#e84000
130,117,25713,#e84000
130,116,25714,#e84000
130,115,25715,#e84000
131,115,25716,#e84000
126,117,25717,#e84000
126,118,25718,#e84000
126,119,25719,#e84000
126,120,25720,#e84000
127,118,25721,#e84000
127,119,25722,#e84000
127,120,25723,#e84000
123,114,25724,#e84000
121,115,25725,#e84000
119,116,25726,#e84000
116,117,25727,#e84000
116,122,25728,#e84000
116,123,25729,#e84000
116,124,25730,#e84000
116,125,25731,#e84000
116,126,25732,#e84000
116,127,25733,#e84000
116,128,25734,#e84000
117,128,25735,#e84000
118,128,25736,#e84000
119,128,25737,#e84000
117,127,25738,#e84000
118,127,25739,#e84000
118,126,25740,#e84000
119,126,25741,#e84000
119,127,25742,#e84000
117,126,25743,#e84000
118,125,25744,#e84000
118,124,25745,#e84000
118,123,25746,#e84000
118,122,25747,#e84000
119,125,25748,#e84000
119,124,25749,#e84000
119,123,25750,#e84000
119,122,25751,#e84000
119,121,25752,#e84000
120,120,25753,#e84000
120,121,25754,#e84000
120,122,25755,#e84000
120,123,25756,#e84000
120,124,25757,#e84000
120,125,25758,#e84000
120,126,25759,#e84000
121,125,25760,#e84000
121,124,25761,#e84000
121,123,25762,#e84000
121,122,25763,#e84000
121,121,25764,#e84000
121,120,25765,#e84000
121,119,25766,#e84000
122,119,25767,#e84000
123,119,25768,#e84000
123,120,25769,#e84000
122,120,25770,#e84000
122,121,25771,#e84000
122,122,25772,#e84000
122,123,25773,#e84000
122,124,25774,#e84000
123,122,25775,#e84000
123,123,25776,#e84000
123,121,25777,#e84000
124,121,25778,#e84000
124,122,25779,#e84000
125,121,25780,#e84000
124,120,25781,#e84000
125,119,25782,#e84000
124,119,25783,#e84000
125,120,25784,#e84000
124,118,25785,#e84000
125,118,25786,#e84000
125,117,25787,#e84000
129,108,25788,#f89840
128,109,25789,#f89840
127,110,25790,#f89840
127,111,25791,#f89840
126,112,25792,#f89840
126,113,25793,#f89840
125,114,25794,#f89840
124,114,25795,#f89840
125,115,25796,#f89840
124,115,25797,#f89840
123,115,25798,#f89840
122,115,25799,#f89840
125,116,25800,#f89840
124,116,25801,#f89840
123,116,25802,#f89840
122,116,25803,#f89840
121,116,25804,#f89840
120,116,25805,#f89840
124,117,25806,#f89840
123,117,25807,#f89840
122,117,25808,#f89840
121,117,25809,#f89840
120,117,25810,#f89840
119,117,25811,#f89840
118,117,25812,#f89840
117,117,25813,#f89840
123,118,25814,#f89840
122,118,25815,#f89840
121,118,25816,#f89840
120,118,25817,#f89840
119,118,25818,#f89840
118,118,25819,#f89840
117,118,25820,#f89840
116,118,25821,#f89840
115,118,25822,#f89840
115,119,25823,#f89840
116,119,25824,#f89840
117,119,25825,#f89840
118,119,25826,#f89840
119,119,25827,#f89840
120,119,25828,#f89840
116,120,25829,#f89840
117,120,25830,#f89840
118,120,25831,#f89840
119,120,25832,#f89840
116,121,25833,#f89840
117,121,25834,#f89840
118,121,25835,#f89840
117,122,25836,#f89840
117,123,25837,#f89840
117,124,25838,#f89840
117,125,25839,#f89840
136,110,25840,#f80000
137,110,25841,#f80000
138,110,25842,#f80000
139,109,25843,#f80000
139,100,25844,#f80000
138,99,25845,#f80000
137,99,25846,#f80000
136,100,25847,#f80000
135,100,25848,#f80000
134,101,25849,#f80000
133,101,25850,#f80000
132,102,25851,#f80000
131,103,25852,#f80000
130,103,25853,#f80000
130,104,25854,#f80000
129,105,25855,#f80000
128,106,25856,#f80000
127,107,25857,#f80000
126,108,25858,#f80000
125,109,25859,#f80000
125,110,25860,#f80000
124,111,25861,#f80000
124,112,25862,#f80000
123,112,25863,#f80000
122,113,25864,#f80000
121,113,25865,#f80000
120,113,25866,#f80000
120,114,25867,#f80000
119,114,25868,#f80000
119,113,25869,#f80000
119,112,25870,#f80000
119,111,25871,#f80000
119,110,25872,#f80000
119,109,25873,#f80000
119,108,25874,#f80000
119,107,25875,#f80000
119,106,25876,#f80000
119,105,25877,#f80000
119,104,25878,#f80000
120,111,25879,#f80000
120,110,25880,#f80000
120,109,25881,#f80000
120,108,25882,#f80000
120,107,25883,#f80000
120,106,25884,#f80000
120,105,25885,#f80000
120,104,25886,#f80000
121,110,25887,#f80000
121,109,25888,#f80000
121,108,25889,#f80000
121,107,25890,#f80000
121,106,25891,#f80000
121,105,25892,#f80000
121,104,25893,#f80000
122,104,25894,#f80000
122,105,25895,#f80000
122,106,25896,#f80000
122,103,25897,#f80000
122,102,25898,#f80000
122,101,25899,#f80000
122,100,25900,#f80000
121,100,25901,#f80000
121,102,25902,#f80000
121,103,25903,#f80000
120,103,25904,#f80000
120,101,25905,#f80000
119,103,25906,#f80000
119,102,25907,#f80000
119,101,25908,#f89040
120,102,25909,#f89040
120,100,25910,#f89040
121,101,25911,#f89040
122,107,25912,#f80000
119,100,25913,#f80000
119,99,25914,#f80000
120,99,25915,#f80000
121,99,25916,#f80000
121,98,25917,#f80000
121,97,25918,#f80000
120,97,25919,#f80000
120,96,25920,#f80000
120,95,25921,#f80000
120,98,25922,#f80000
119,98,25923,#f80000
119,97,25924,#f80000
119,96,25925,#f80000
119,95,25926,#f80000
119,94,25927,#f80000
118,93,25928,#f80000
118,94,25929,#f80000
118,95,25930,#f80000
118,96,25931,#f80000
118,97,25932,#f80000
118,98,25933,#f80000
118,99,25934,#f80000
118,100,25935,#f80000
118,101,25936,#f80000
118,102,25937,#f80000
118,103,25938,#f80000
118,104,25939,#f80000
118,105,25940,#f80000
118,106,25941,#f80000
118,107,25942,#f80000
118,108,25943,#f80000
118,109,25944,#f80000
118,110,25945,#f80000
118,111,25946,#f80000
118,112,25947,#f80000
118,113,25948,#f80000
118,114,25949,#f80000
118,115,25950,#f80000
117,115,25951,#f80000
116,115,25952,#f80000
112,117,25953,#000000
112,118,25954,#000000
111,118,25955,#000000
111,119,25956,#000000
110,118,25957,#000000
109,118,25958,#000000
108,118,25959,#000000
107,119,25960,#000000
107,117,25961,#000000
106,120,25962,#000000
110,120,25963,#000000
109,120,25964,#000000
108,121,25965,#000000
107,121,25966,#000000
111,116,25967,#000000
112,115,25968,#000000
113,115,25969,#000000
113,114,25970,#000000
114,113,25971,#000000
114,112,25972,#000000
114,111,25973,#000000
113,112,25974,#000000
113,110,25975,#000000
112,110,25976,#000000
111,110,25977,#000000
110,111,25978,#000000
109,111,25979,#000000
108,112,25980,#000000
107,113,25981,#000000
105,114,25982,#000000
104,115,25983,#000000
105,115,25984,#282828
106,114,25985,#282828
104,116,25986,#282828
106,117,25987,#282828
106,118,25988,#282828
107,118,25989,#282828
105,118,25990,#282828
105,119,25991,#282828
104,119,25992,#282828
112,119,25993,#282828
113,120,25994,#282828
114,122,25995,#282828
114,123,25996,#282828
114,124,25997,#282828
114,125,25998,#282828
114,126,25999,#282828
114,127,26000,#282828
114,128,26001,#282828
114,129,26002,#282828
114,130,26003,#282828
114,131,26004,#282828
114,132,26005,#282828
114,133,26006,#282828
114,135,26007,#000000
113,135,26008,#000000
112,134,26009,#000000
111,135,26010,#000000
111,134,26011,#000000
114,134,26012,#282828
113,134,26013,#282828
113,133,26014,#282828
113,132,26015,#282828
113,131,26016,#282828
113,130,26017,#282828
113,129,26018,#282828
113,128,26019,#282828
113,127,26020,#282828
113,126,26021,#282828
113,125,26022,#282828
112,130,26023,#282828
112,131,26024,#282828
112,132,26025,#282828
111,130,26026,#282828
111,131,26027,#282828
110,129,26028,#282828
110,130,26029,#282828
110,131,26030,#282828
110,132,26031,#282828
109,131,26032,#282828
109,132,26033,#282828
109,133,26034,#282828
109,134,26035,#282828
109,135,26036,#282828
108,135,26037,#282828
108,136,26038,#282828
108,137,26039,#282828
110,133,26040,#000000
110,136,26041,#000000
110,137,26042,#000000
109,138,26043,#000000
108,139,26044,#000000
109,139,26045,#000000
110,139,26046,#000000
107,138,26047,#000000
106,138,26048,#000000
105,137,26049,#000000
103,137,26050,#000000
103,136,26051,#000000
101,135,26052,#000000
102,135,26053,#000000
103,135,26054,#000000
104,135,26055,#000000
105,135,26056,#000000
102,134,26057,#000000
102,133,26058,#000000
103,132,26059,#000000
104,128,26060,#000000
103,127,26061,#000000
103,126,26062,#000000
103,125,26063,#000000
103,124,26064,#000000
103,123,26065,#000000
104,122,26066,#000000
104,121,26067,#000000
105,121,26068,#000000
105,120,26069,#282828
104,120,26070,#282828
103,122,26071,#282828
103,121,26072,#282828
103,120,26073,#282828
102,120,26074,#282828
102,122,26075,#282828
101,123,26076,#282828
101,124,26077,#282828
101,125,26078,#282828
101,126,26079,#282828
101,127,26080,#282828
102,127,26081,#282828
102,126,26082,#282828
102,125,26083,#282828
102,124,26084,#282828
101,128,26085,#282828
102,128,26086,#282828
103,128,26087,#282828
104,129,26088,#282828
104,130,26089,#282828
104,131,26090,#282828
104,132,26091,#282828
104,133,26092,#282828
104,134,26093,#282828
103,133,26094,#282828
103,134,26095,#282828
103,129,26096,#282828
103,130,26097,#282828
103,131,26098,#282828
102,129,26099,#282828
102,130,26100,#282828
102,131,26101,#282828
102,132,26102,#282828
101,129,26103,#282828
101,130,26104,#282828
101,131,26105,#282828
101,132,26106,#282828
101,133,26107,#282828
101,134,26108,#282828
100,134,26109,#282828
100,135,26110,#282828
100,133,26111,#282828
99,133,26112,#282828
98,133,26113,#000000
98,134,26114,#000000
99,134,26115,#282828
97,135,26116,#000000
97,134,26117,#000000
97,133,26118,#000000
97,132,26119,#000000
97,131,26120,#000000
97,130,26121,#000000
98,129,26122,#000000
98,128,26123,#000000
98,127,26124,#000000
98,126,26125,#000000
98,125,26126,#000000
98,124,26127,#000000
99,120,26128,#000000
99,121,26129,#000000
99,122,26130,#000000
98,123,26131,#000000
99,123,26132,#282828
99,124,26133,#282828
99,125,26134,#282828
100,123,26135,#282828
100,122,26136,#282828
100,121,26137,#282828
100,120,26138,#282828
101,122,26139,#000000
98,131,26140,#282828
98,132,26141,#000000
98,130,26142,#282828
98,135,26143,#000000
99,135,26144,#000000
99,136,26145,#000000
100,136,26146,#000000
101,136,26147,#000000
100,137,26148,#000000
96,135,26149,#000000
95,135,26150,#000000
95,134,26151,#000000
94,134,26152,#000000
94,133,26153,#000000
94,132,26154,#000000
93,132,26155,#000000
93,131,26156,#000000
93,130,26157,#000000
93,129,26158,#000000
93,128,26159,#000000
96,136,26160,#000000
97,136,26161,#000000
97,137,26162,#000000
96,137,26163,#000000
96,138,26164,#000000
97,138,26165,#000000
98,139,26166,#000000
99,139,26167,#000000
100,140,26168,#000000
101,140,26169,#000000
100,141,26170,#000000
101,141,26171,#000000
102,141,26172,#000000
103,141,26173,#000000
102,142,26174,#000000
103,142,26175,#000000
101,142,26176,#000000
107,136,26177,#000000
106,137,26178,#282828
107,137,26179,#282828
104,136,26180,#282828
105,136,26181,#282828
106,136,26182,#282828
108,138,26183,#282828
111,120,26184,#505050
111,121,26185,#505050
112,121,26186,#505050
112,122,26187,#505050
112,120,26188,#505050
112,123,26189,#505050
113,121,26190,#505050
113,122,26191,#505050
113,123,26192,#505050
113,124,26193,#505050
106,122,26194,#000000
105,123,26195,#000000
104,124,26196,#000000
103,116,26197,#000000
102,117,26198,#000000
101,118,26199,#000000
100,119,26200,#000000
101,119,26201,#282828
102,118,26202,#282828
103,117,26203,#282828
99,126,26204,#505050
99,127,26205,#505050
99,128,26206,#505050
99,129,26207,#505050
99,130,26208,#505050
99,131,26209,#505050
99,132,26210,#505050
100,124,26211,#505050
100,125,26212,#505050
100,126,26213,#505050
100,127,26214,#505050
100,128,26215,#505050
100,129,26216,#505050
100,130,26217,#505050
100,131,26218,#505050
100,132,26219,#505050
102,123,26220,#505050
101,121,26221,#505050
102,121,26222,#505050
101,120,26223,#505050
102,119,26224,#505050
103,119,26225,#505050
103,118,26226,#505050
104,118,26227,#505050
104,117,26228,#505050
105,117,26229,#505050
105,116,26230,#505050
106,116,26231,#505050
106,115,26232,#505050
107,116,26233,#fb9043
107,115,26234,#fb9043
107,114,26235,#fb9043
108,117,26236,#fb9043
108,113,26237,#fb9043
110,117,26238,#fb9043
111,115,26239,#fb9043
111,114,26240,#fb9043
112,113,26241,#fb9043
113,113,26242,#fb9043
112,111,26243,#fb9043
113,111,26244,#fb9043
111,112,26245,#fb9043
111,111,26246,#d86020
112,112,26247,#d86020
111,113,26248,#d86020
112,114,26249,#d86020
110,116,26250,#d86020
111,117,26251,#d86020
110,112,26252,#f8c880
109,112,26253,#fb9043
109,113,26254,#f8c880
110,113,26255,#f8c880
110,114,26256,#f8c880
110,115,26257,#f8c880
109,114,26258,#f8c880
109,115,26259,#f8c880
109,116,26260,#f8c880
109,117,26261,#f8c880
108,116,26262,#f8c880
108,115,26263,#f8c880
108,114,26264,#f8c880
108,119,26265,#f80000
109,119,26266,#f80000
110,119,26267,#f80000
107,120,26268,#f80000
108,120,26269,#f80000
106,121,26270,#f80000
105,122,26271,#f80000
104,123,26272,#f80000
106,119,26273,#505050
109,121,26274,#f89840
110,121,26275,#f89840
109,122,26276,#f89840
110,122,26277,#f89840
111,122,26278,#f89840
110,123,26279,#f89840
111,123,26280,#f89840
111,124,26281,#f89840
112,124,26282,#f89840
111,125,26283,#f89840
112,125,26284,#f89840
108,123,26285,#f89840
107,123,26286,#f89840
106,124,26287,#f89840
105,125,26288,#f89840
105,126,26289,#f89840
104,126,26290,#f89840
105,127,26291,#f89840
104,125,26292,#f89840
106,128,26293,#f89840
106,129,26294,#f89840
107,130,26295,#f89840
107,129,26296,#f89840
107,128,26297,#f89840
106,127,26298,#f89840
107,127,26299,#f89840
107,126,26300,#f89840
106,126,26301,#f89840
106,125,26302,#f89840
107,125,26303,#f89840
107,124,26304,#f89840
108,124,26305,#f89840
109,124,26306,#f89840
107,122,26307,#e84000
108,122,26308,#e84000
106,123,26309,#e84000
105,124,26310,#e84000
104,127,26311,#e84000
109,123,26312,#e84000
110,125,26313,#e84000
110,124,26314,#e84000
110,126,26315,#e84000
110,127,26316,#e84000
110,128,26317,#e84000
109,130,26318,#e84000
109,129,26319,#e84000
109,128,26320,#e84000
111,126,26321,#e84000
112,126,26322,#e84000
112,127,26323,#e84000
111,127,26324,#e84000
111,128,26325,#e84000
112,128,26326,#e84000
112,129,26327,#e84000
111,129,26328,#e84000
108,129,26329,#e84000
108,130,26330,#e84000
108,131,26331,#e84000
108,132,26332,#e84000
108,133,26333,#e84000
108,134,26334,#e84000
106,135,26335,#282828
107,135,26336,#282828
105,130,26337,#282828
105,131,26338,#282828
105,132,26339,#282828
105,133,26340,#282828
105,134,26341,#282828
107,132,26342,#282828
107,133,26343,#282828
107,134,26344,#282828
106,132,26345,#282828
106,133,26346,#282828
106,134,26347,#282828
106,131,26348,#282828
107,131,26349,#e84000
106,130,26350,#e84000
105,129,26351,#e84000
105,128,26352,#e84000
109,126,26353,#f89840
108,126,26354,#f89840
108,127,26355,#f89840
108,128,26356,#f89840
108,125,26357,#f89840
109,125,26358,#f89840
109,127,26359,#e84000
111,132,26360,#e84000
111,133,26361,#e84000
112,133,26362,#e84000
110,134,26363,#e84000
110,135,26364,#e84000
109,136,26365,#e84000
109,137,26366,#e84000
115,135,26367,#f80000
116,136,26368,#f80000
117,137,26369,#f80000
118,138,26370,#f80000
119,139,26371,#f80000
113,136,26372,#f80000
114,136,26373,#f80000
112,135,26374,#f80000
111,136,26375,#f80000
110,138,26376,#f80000
111,139,26377,#f80000
111,140,26378,#000000
112,141,26379,#000000
112,142,26380,#000000
112,143,26381,#000000
112,144,26382,#000000
112,145,26383,#000000
111,146,26384,#000000
112,146,26385,#000000
110,147,26386,#000000
109,148,26387,#000000
109,144,26388,#000000
108,144,26389,#000000
107,143,26390,#000000
106,144,26391,#000000
107,145,26392,#000000
107,146,26393,#000000
107,147,26394,#000000
107,148,26395,#000000
107,149,26396,#000000
108,149,26397,#000000
107,150,26398,#000000
108,150,26399,#000000
105,143,26400,#000000
104,142,26401,#000000
103,143,26402,#000000
102,143,26403,#000000
102,146,26404,#000000
103,146,26405,#000000
103,147,26406,#000000
102,147,26407,#000000
103,148,26408,#000000
103,149,26409,#000000
104,148,26410,#000000
104,149,26411,#000000
104,150,26412,#000000
104,151,26413,#000000
94,127,26414,#000000
95,126,26415,#000000
94,126,26416,#000000
94,125,26417,#000000
94,124,26418,#000000
94,123,26419,#000000
95,123,26420,#000000
95,122,26421,#000000
95,121,26422,#000000
96,121,26423,#000000
96,120,26424,#000000
95,120,26425,#000000
97,120,26426,#000000
98,120,26427,#000000
98,119,26428,#000000
97,119,26429,#000000
96,119,26430,#000000
94,121,26431,#000000
94,122,26432,#000000
93,124,26433,#000000
93,125,26434,#000000
93,126,26435,#000000
93,127,26436,#000000
92,126,26437,#000000
92,127,26438,#000000
92,128,26439,#000000
91,127,26440,#000000
91,128,26441,#000000
91,129,26442,#000000
90,129,26443,#000000
90,130,26444,#000000
90,131,26445,#000000
90,132,26446,#000000
91,132,26447,#000000
91,133,26448,#000000
91,134,26449,#000000
91,135,26450,#000000
92,135,26451,#000000
90,134,26452,#000000
90,133,26453,#000000
92,136,26454,#000000
93,136,26455,#000000
92,137,26456,#000000
93,137,26457,#000000
93,138,26458,#000000
93,139,26459,#000000
94,137,26460,#000000
95,137,26461,#000000
94,138,26462,#000000
95,138,26463,#000000
94,140,26464,#000000
94,141,26465,#000000
93,141,26466,#000000
92,141,26467,#000000
91,141,26468,#000000
90,141,26469,#000000
91,142,26470,#000000
92,143,26471,#000000
92,144,26472,#000000
93,144,26473,#000000
92,145,26474,#000000
91,146,26475,#000000
90,147,26476,#000000
91,147,26477,#000000
92,147,26478,#000000
93,147,26479,#000000
94,147,26480,#000000
94,148,26481,#000000
93,149,26482,#000000
92,150,26483,#000000
93,150,26484,#000000
94,150,26485,#000000
95,150,26486,#000000
96,151,26487,#000000
96,152,26488,#000000
98,151,26489,#000000
98,152,26490,#000000
99,152,26491,#000000
100,153,26492,#000000
97,153,26493,#000000
97,154,26494,#000000
101,154,26495,#000000
102,153,26496,#000000
102,154,26497,#000000
102,155,26498,#000000
103,153,26499,#000000
104,153,26500,#000000
103,151,26501,#000000
105,151,26502,#000000
106,151,26503,#000000
107,151,26504,#000000
106,150,26505,#000000
102,151,26506,#000000
101,150,26507,#000000
105,152,26508,#000000
105,153,26509,#000000
105,154,26510,#000000
95,141,26511,#d09018
93,143,26512,#d09018
93,146,26513,#d09018
94,146,26514,#d09018
95,146,26515,#d09018
95,147,26516,#d09018
94,149,26517,#d09018
95,149,26518,#d09018
96,148,26519,#d09018
96,149,26520,#d09018
96,150,26521,#d09018
97,148,26522,#d09018
97,149,26523,#d09018
97,151,26524,#d09018
97,152,26525,#d09018
98,150,26526,#d09018
98,149,26527,#d09018
98,148,26528,#d09018
98,147,26529,#d09018
97,147,26530,#d09018
96,146,26531,#d09018
97,146,26532,#d09018
98,146,26533,#d09018
95,145,26534,#d09018
96,145,26535,#d09018
97,145,26536,#d09018
98,145,26537,#d09018
97,144,26538,#d09018
98,144,26539,#d09018
96,143,26540,#d09018
97,143,26541,#d09018
98,143,26542,#d09018
96,142,26543,#d09018
97,142,26544,#d09018
98,142,26545,#d09018
99,142,26546,#d09018
100,142,26547,#d09018
99,143,26548,#d09018
100,143,26549,#d09018
101,143,26550,#d09018
99,144,26551,#d09018
100,144,26552,#d09018
101,144,26553,#d09018
102,144,26554,#d09018
103,144,26555,#d09018
99,145,26556,#d09018
100,145,26557,#d09018
101,145,26558,#d09018
102,145,26559,#d09018
103,145,26560,#d09018
104,145,26561,#d09018
105,145,26562,#d09018
99,146,26563,#d09018
100,146,26564,#d09018
101,146,26565,#d09018
99,147,26566,#d09018
100,147,26567,#d09018
101,147,26568,#d09018
99,148,26569,#d09018
100,148,26570,#d09018
101,148,26571,#d09018
102,148,26572,#d09018
99,149,26573,#d09018
100,149,26574,#d09018
101,149,26575,#d09018
102,149,26576,#d09018
102,150,26577,#d09018
103,150,26578,#d09018
99,150,26579,#d09018
100,150,26580,#d09018
99,151,26581,#d09018
100,151,26582,#d09018
101,151,26583,#d09018
100,152,26584,#d09018
101,152,26585,#d09018
102,152,26586,#d09018
103,152,26587,#d09018
104,152,26588,#d09018
101,153,26589,#d09018
97,139,26590,#d09018
98,140,26591,#d09018
98,138,26592,#d09018
99,138,26593,#d09018
98,136,26594,#d09018
98,137,26595,#d09018
99,137,26596,#d09018
100,139,26597,#d09018
101,139,26598,#d09018
100,138,26599,#d09018
101,138,26600,#d09018
101,137,26601,#d09018
102,138,26602,#d09018
102,137,26603,#d09018
102,136,26604,#d09018
104,137,26605,#d09018
105,141,26606,#d09018
105,142,26607,#d09018
94,139,26608,#f8e048
95,139,26609,#f8e048
96,139,26610,#f8e048
95,140,26611,#f8e048
96,140,26612,#f8e048
97,140,26613,#f8e048
98,141,26614,#f8e048
99,141,26615,#f8e048
99,140,26616,#f8e048
97,141,26617,#f8e048
96,141,26618,#f8e048
92,142,26619,#f8e048
93,142,26620,#f8e048
94,142,26621,#f8e048
95,142,26622,#f8e048
94,143,26623,#f8e048
95,143,26624,#f8e048
94,144,26625,#f8e048
95,144,26626,#f8e048
96,144,26627,#f8e048
94,145,26628,#f8e048
93,145,26629,#f8e048
92,146,26630,#f8e048
96,147,26631,#f8e048
95,148,26632,#f8e048
97,150,26633,#f8e048
104,141,26634,#f8e048
105,140,26635,#f8e048
108,145,26636,#d86020
108,146,26637,#d86020
108,147,26638,#d86020
108,148,26639,#d86020
109,145,26640,#d86020
109,146,26641,#d86020
109,147,26642,#d86020
110,146,26643,#d86020
111,141,26644,#d86020
111,143,26645,#d86020
110,142,26646,#d86020
109,141,26647,#d86020
107,139,26648,#d86020
106,143,26649,#d86020
107,144,26650,#d86020
108,143,26651,#f80000
109,143,26652,#f80000
104,146,26653,#a0a0a0
104,147,26654,#a0a0a0
105,146,26655,#a0a0a0
105,147,26656,#a0a0a0
105,148,26657,#a0a0a0
105,149,26658,#a0a0a0
105,150,26659,#a0a0a0
106,149,26660,#a0a0a0
106,148,26661,#a0a0a0
106,147,26662,#a0a0a0
106,146,26663,#a0a0a0
106,145,26664,#a0a0a0
110,144,26665,#fb9043
110,145,26666,#fb9043
111,145,26667,#fb9043
111,144,26668,#fb9043
110,143,26669,#fb9043
109,142,26670,#fb9043
108,142,26671,#fb9043
110,140,26672,#fb9043
105,139,26673,#fb9043
104,139,26674,#fb9043
103,139,26675,#fb9043
103,140,26676,#fb9043
104,140,26677,#fb9043
105,138,26678,#f8c880
104,138,26679,#f8c880
103,138,26680,#f8c880
102,139,26681,#f8c880
102,140,26682,#f8c880
106,139,26683,#f8c880
106,140,26684,#f8c880
106,141,26685,#f8c880
106,142,26686,#f8c880
107,140,26687,#f8c880
107,141,26688,#f8c880
107,142,26689,#f8c880
108,140,26690,#f8c880
109,140,26691,#f8c880
108,141,26692,#f8c880
110,141,26693,#ffffff
111,142,26694,#ffffff
104,143,26695,#ffffff
104,144,26696,#ffffff
105,144,26697,#ffffff
113,141,26698,#f80000
113,142,26699,#f80000
113,143,26700,#f80000
113,144,26701,#f80000
113,145,26702,#f80000
113,146,26703,#f80000
112,140,26704,#f80000
112,147,26705,#f80000
111,147,26706,#f80000
110,148,26707,#f80000
109,149,26708,#f80000
109,150,26709,#f80000
108,151,26710,#f80000
107,152,26711,#f80000
106,152,26712,#f80000
106,153,26713,#f80000
106,154,26714,#f80000
106,155,26715,#f80000
105,155,26716,#f80000
106,156,26717,#f80000
104,154,26718,#f80000
103,154,26719,#f80000
103,155,26720,#f80000
103,156,26721,#f80000
102,156,26722,#f80000
101,155,26723,#f80000
100,154,26724,#f80000
99,153,26725,#f80000
98,153,26726,#f80000
98,154,26727,#f80000
98,155,26728,#f80000
97,155,26729,#f80000
97,156,26730,#f80000
96,155,26731,#f80000
96,154,26732,#f80000
96,153,26733,#f80000
95,154,26734,#f80000
94,154,26735,#f80000
93,154,26736,#f80000
92,154,26737,#f80000
91,154,26738,#f80000
90,153,26739,#f80000
90,152,26740,#f80000
89,152,26741,#f80000
88,152,26742,#f80000
88,153,26743,#f80000
89,153,26744,#f80000
86,152,26745,#f80000
87,152,26746,#f80000
90,154,26747,#f80000
95,153,26748,#f80000
94,153,26749,#f80000
93,153,26750,#f80000
92,153,26751,#f80000
91,153,26752,#f80000
95,152,26753,#f80000
94,152,26754,#f80000
93,152,26755,#f80000
92,152,26756,#f80000
91,152,26757,#f80000
95,151,26758,#f80000
94,151,26759,#f80000
93,151,26760,#f80000
92,151,26761,#f80000
91,151,26762,#f80000
90,151,26763,#f80000
89,151,26764,#f80000
88,151,26765,#f80000
88,150,26766,#f80000
88,148,26767,#f80000
89,149,26768,#f80000
89,148,26769,#f80000
90,148,26770,#f80000
91,148,26771,#f80000
92,148,26772,#f80000
93,148,26773,#f80000
90,149,26774,#f80000
91,149,26775,#f80000
92,149,26776,#f80000
90,150,26777,#f80000
91,150,26778,#f80000
87,150,26779,#f80000
86,150,26780,#f80000
86,151,26781,#f80000
87,151,26782,#f80000
85,151,26783,#f80000
85,150,26784,#f80000
85,149,26785,#f80000
84,148,26786,#f80000
84,149,26787,#f80000
83,148,26788,#f80000
83,147,26789,#f80000
82,146,26790,#f80000
82,145,26791,#f80000
82,144,26792,#f80000
83,146,26793,#f80000
84,147,26794,#f80000
85,148,26795,#f80000
86,149,26796,#f80000
89,147,26797,#f80000
90,146,26798,#f80000
91,145,26799,#f80000
91,144,26800,#f80000
91,143,26801,#f80000
90,144,26802,#f80000
90,143,26803,#f80000
90,142,26804,#f80000
89,143,26805,#f80000
89,142,26806,#f80000
88,142,26807,#f80000
88,141,26808,#f80000
89,141,26809,#f80000
87,140,26810,#f80000
87,139,26811,#f80000
87,138,26812,#f80000
88,139,26813,#f80000
89,139,26814,#f80000
89,140,26815,#f80000
90,140,26816,#f80000
91,140,26817,#f80000
92,140,26818,#f80000
93,140,26819,#f80000
88,140,26820,#f80000
92,139,26821,#f80000
91,139,26822,#f80000
90,139,26823,#f80000
88,138,26824,#f80000
88,137,26825,#f80000
89,138,26826,#f80000
90,138,26827,#f80000
90,137,26828,#f80000
90,136,26829,#f80000
91,138,26830,#f80000
91,137,26831,#f80000
91,136,26832,#f80000
92,138,26833,#f80000
87,137,26834,#f80000
87,136,26835,#f80000
87,135,26836,#f80000
86,135,26837,#f80000
86,134,26838,#f80000
86,133,26839,#f80000
86,132,26840,#f80000
85,132,26841,#f80000
85,131,26842,#f80000
84,130,26843,#f80000
83,129,26844,#f80000
83,130,26845,#f80000
83,131,26846,#f80000
83,132,26847,#f80000
84,133,26848,#f80000
84,134,26849,#f80000
85,135,26850,#f80000
85,134,26851,#f80000
85,133,26852,#f80000
84,132,26853,#f80000
84,131,26854,#f80000
86,137,26855,#f80000
85,136,26856,#f80000
85,137,26857,#f80000
86,136,26858,#f80000
86,138,26859,#f80000
86,139,26860,#f80000
90,135,26861,#f80000
89,135,26862,#f80000
89,134,26863,#f80000
89,133,26864,#f80000
89,132,26865,#f80000
89,131,26866,#f80000
89,130,26867,#f80000
89,129,26868,#f80000
89,128,26869,#f80000
90,128,26870,#f80000
92,129,26871,#f80000
91,130,26872,#f80000
92,130,26873,#f80000
92,131,26874,#f80000
91,131,26875,#f80000
92,132,26876,#f80000
92,133,26877,#f80000
92,134,26878,#f80000
93,133,26879,#f80000
93,134,26880,#f80000
93,135,26881,#f80000
94,135,26882,#f80000
94,136,26883,#f80000
95,136,26884,#f80000
94,131,26885,#f80000
94,130,26886,#f80000
94,129,26887,#f80000
94,128,26888,#f80000
95,127,26889,#f80000
95,132,26890,#f80000
95,133,26891,#f80000
96,130,26892,#f80000
96,131,26893,#f80000
96,132,26894,#f80000
96,133,26895,#f80000
96,134,26896,#f80000
96,126,26897,#f80000
96,127,26898,#f80000
96,128,26899,#f80000
96,129,26900,#f80000
97,129,26901,#f80000
97,128,26902,#f80000
97,127,26903,#f80000
97,126,26904,#f80000
97,125,26905,#f80000
97,123,26906,#f80000
96,123,26907,#f80000
96,122,26908,#f80000
97,121,26909,#f80000
98,121,26910,#f80000
97,122,26911,#f80000
95,124,26912,#f80000
95,125,26913,#f80000
95,112,26914,#f80000
94,112,26915,#f80000
94,113,26916,#f80000
94,114,26917,#f80000
93,115,26918,#f80000
94,111,26919,#f80000
95,111,26920,#f80000
95,110,26921,#f80000
96,110,26922,#f80000
96,109,26923,#f80000
97,108,26924,#f80000
97,118,26925,#f80000
98,118,26926,#f80000
90,127,26927,#f80000
91,126,26928,#f80000
92,125,26929,#f80000
92,124,26930,#f80000
93,123,26931,#f80000
93,122,26932,#f80000
93,121,26933,#f80000
94,120,26934,#f80000
95,119,26935,#f80000
96,118,26936,#f80000
99,119,26937,#f80000
99,118,26938,#f80000
100,118,26939,#f80000
99,117,26940,#f80000
100,117,26941,#f80000
101,117,26942,#f80000
101,116,26943,#f80000
102,116,26944,#f80000
100,116,26945,#f80000
102,115,26946,#f80000
103,115,26947,#f80000
104,114,26948,#f80000
105,113,26949,#f80000
106,113,26950,#f80000
107,112,26951,#f80000
108,111,26952,#f80000
107,111,26953,#f80000
106,111,26954,#f80000
105,111,26955,#f80000
104,111,26956,#f80000
103,111,26957,#f80000
102,112,26958,#f80000
104,110,26959,#f80000
105,110,26960,#f80000
106,110,26961,#f80000
107,110,26962,#f80000
107,109,26963,#f80000
108,109,26964,#f80000
109,109,26965,#f80000
110,109,26966,#f80000
110,110,26967,#f80000
109,110,26968,#f80000
108,110,26969,#f80000
106,109,26970,#f80000
109,108,26971,#f80000
110,108,26972,#f80000
111,108,26973,#f80000
111,109,26974,#f80000
112,109,26975,#f80000
113,109,26976,#f80000
112,108,26977,#f80000
113,108,26978,#f80000
114,110,26979,#f80000
112,116,26980,#f80000
113,117,26981,#f80000
113,116,26982,#f80000
114,116,26983,#f80000
115,116,26984,#f80000
115,115,26985,#f80000
114,115,26986,#f80000
114,114,26987,#f80000
115,114,26988,#f80000
115,113,26989,#f80000
115,112,26990,#f80000
115,111,26991,#f80000
115,110,26992,#f80000
116,111,26993,#f80000
117,110,26994,#f80000
117,111,26995,#f80000
117,112,26996,#f80000
116,112,26997,#f80000
116,113,26998,#f80000
117,113,26999,#f80000
116,114,27000,#f80000
117,114,27001,#f80000
117,103,27002,#f80000
112,96,27003,#f80000
112,97,27004,#f80000
112,100,27005,#f80000
113,100,27006,#f80000
114,101,27007,#f80000
115,101,27008,#f80000
116,102,27009,#f80000
117,102,27010,#f80000
117,101,27011,#f80000
116,101,27012,#f80000
114,109,27013,#f80000
114,108,27014,#f80000
115,109,27015,#f80000
116,110,27016,#f80000
117,93,27017,#f80000
117,100,27018,#f80000
117,99,27019,#f80000
117,98,27020,#f80000
117,97,27021,#f80000
117,96,27022,#f80000
117,95,27023,#f80000
117,94,27024,#f89040
116,99,27025,#f80000
115,98,27026,#f80000
114,97,27027,#f80000
113,97,27028,#f80000
113,96,27029,#f80000
114,96,27030,#f80000
115,97,27031,#f80000
116,97,27032,#f80000
116,98,27033,#f80000
116,96,27034,#f80000
115,96,27035,#f80000
111,96,27036,#f80000
110,96,27037,#f80000
109,96,27038,#f80000
108,96,27039,#f80000
107,96,27040,#f80000
106,96,27041,#f80000
105,96,27042,#f80000
104,96,27043,#f80000
103,96,27044,#f80000
103,97,27045,#f80000
102,97,27046,#f80000
101,97,27047,#f80000
101,96,27048,#f80000
102,96,27049,#f80000
100,97,27050,#f80000
100,98,27051,#f80000
99,99,27052,#f80000
99,98,27053,#f80000
98,100,27054,#f80000
97,101,27055,#f80000
96,102,27056,#f80000
97,100,27057,#f80000
98,99,27058,#f80000
101,98,27059,#f80000
102,95,27060,#f80000
103,95,27061,#f80000
103,94,27062,#f80000
104,95,27063,#f80000
104,94,27064,#f80000
105,93,27065,#f80000
105,94,27066,#f80000
105,95,27067,#f80000
106,93,27068,#f80000
107,93,27069,#f80000
106,95,27070,#f80000
106,94,27071,#f80000
107,94,27072,#f80000
107,95,27073,#f80000
108,95,27074,#f80000
108,94,27075,#f80000
108,93,27076,#f80000
108,92,27077,#f80000
109,92,27078,#f80000
110,92,27079,#f80000
111,92,27080,#f80000
111,93,27081,#f80000
111,94,27082,#f80000
111,95,27083,#f80000
110,95,27084,#f80000
109,95,27085,#f80000
109,94,27086,#f80000
109,93,27087,#f80000
110,93,27088,#f80000
110,94,27089,#f80000
112,92,27090,#f80000
113,92,27091,#f80000
114,92,27092,#f80000
115,92,27093,#f80000
116,92,27094,#f80000
116,93,27095,#f89040
116,94,27096,#f80000
116,95,27097,#f89040
115,95,27098,#f80000
114,95,27099,#f80000
113,95,27100,#f80000
112,95,27101,#f80000
115,94,27102,#f89040
114,94,27103,#f80000
113,94,27104,#f80000
112,94,27105,#f80000
114,93,27106,#f80000
113,93,27107,#f80000
112,93,27108,#f80000
115,93,27109,#f80000
