136,135,483650,#282828
137,135,483651,#282828
139,135,483652,#000000
138,135,483653,#282828
139,136,483654,#000000
139,137,483655,#000000
139,138,483656,#000000
139,139,483657,#000000
139,141,483658,#000000
139,140,483659,#000000
138,142,483660,#000000
137,142,483661,#000000
136,141,483662,#000000
135,140,483663,#000000
134,139,483664,#000000
133,138,483665,#000000
132,137,483666,#000000
131,136,483667,#000000
138,132,483668,#000000
137,132,483669,#000000
137,134,483670,#282828
137,133,483671,#282828
136,134,483672,#282828
136,133,483673,#282828
136,132,483674,#000000
135,132,483675,#000000
135,133,483676,#282828
135,134,483677,#282828
134,134,483678,#282828
134,133,483679,#282828
134,132,483680,#000000
133,132,483681,#000000
133,134,483682,#282828
133,133,483683,#282828
132,134,483684,#282828
132,133,483685,#282828
132,132,483686,#000000
132,135,483687,#282828
132,136,483688,#282828
133,137,483689,#282828
134,138,483690,#282828
135,139,483691,#282828
138,141,483692,#282828
138,140,483693,#282828
138,139,483694,#282828
138,138,483695,#282828
138,137,483696,#282828
138,136,483697,#282828
130,137,483698,#000000
129,137,483699,#000000
128,137,483700,#000000
127,137,483701,#000000
126,137,483702,#000000
125,137,483703,#000000
124,138,483704,#000000
123,138,483705,#000000
122,138,483706,#000000
121,138,483707,#000000
120,138,483708,#000000
119,138,483709,#000000
117,138,483710,#000000
116,138,483711,#000000
118,138,483712,#000000
115,139,483713,#000000
113,139,483714,#000000
112,139,483715,#000000
114,139,483716,#000000
111,139,483717,#000000
110,139,483718,#000000
109,139,483719,#000000
108,139,483720,#000000
107,139,483721,#000000
106,139,483722,#000000
109,138,483723,#000000
110,137,483724,#000000
110,136,483725,#000000
131,132,483726,#000000
131,131,483727,#000000
131,130,483728,#000000
130,130,483729,#000000
129,130,483730,#000000
128,130,483731,#000000
127,130,483732,#000000
126,130,483733,#000000
125,130,483734,#000000
124,130,483735,#000000
123,130,483736,#000000
120,131,483737,#000000
121,131,483738,#000000
122,131,483739,#000000
119,131,483740,#000000
118,131,483741,#000000
117,131,483742,#000000
116,131,483743,#000000
115,131,483744,#000000
114,132,483745,#000000
113,133,483746,#000000
113,134,483747,#000000
112,134,483748,#000000
110,134,483749,#000000
110,135,483750,#000000
110,133,483751,#000000
110,132,483752,#000000
110,131,483753,#000000
110,130,483754,#000000
110,128,483755,#000000
110,129,483756,#000000
109,128,483757,#000000
109,127,483758,#000000
109,126,483759,#000000
109,125,483760,#000000
109,124,483761,#000000
110,123,483762,#000000
111,123,483763,#000000
112,122,483764,#000000
114,122,483765,#000000
113,122,483766,#000000
115,121,483767,#000000
117,121,483768,#000000
116,121,483769,#000000
118,120,483770,#000000
119,120,483771,#000000
120,119,483772,#000000
121,119,483773,#000000
122,118,483774,#000000
123,118,483775,#000000
124,117,483776,#000000
125,117,483777,#000000
126,117,483778,#000000
127,116,483779,#000000
128,116,483780,#000000
129,116,483781,#000000
130,115,483782,#000000
131,115,483783,#000000
132,115,483784,#000000
133,114,483785,#000000
134,114,483786,#282828
134,113,483787,#000000
135,113,483788,#000000
136,113,483789,#282828
136,112,483790,#000000
137,112,483791,#000000
138,111,483792,#000000
140,111,483793,#000000
139,112,483794,#282828
140,113,483795,#000000
139,113,483796,#282828
140,112,483797,#000000
139,114,483798,#282828
140,114,483799,#000000
139,115,483800,#282828
140,115,483801,#000000
139,116,483802,#282828
140,116,483803,#000000
139,117,483804,#282828
140,117,483805,#000000
139,118,483806,#282828
140,118,483807,#000000
139,119,483808,#282828
140,119,483809,#000000
139,120,483810,#000000
138,120,483811,#000000
137,120,483812,#000000
135,120,483813,#000000
134,120,483814,#000000
133,120,483815,#000000
132,120,483816,#000000
132,121,483817,#000000
132,122,483818,#000000
132,123,483819,#000000
132,124,483820,#000000
131,124,483821,#000000
130,124,483822,#000000
129,125,483823,#000000
128,125,483824,#000000
127,125,483825,#000000
126,126,483826,#000000
125,126,483827,#000000
124,127,483828,#000000
123,127,483829,#000000
122,128,483830,#000000
121,128,483831,#000000
120,129,483832,#000000
119,129,483833,#000000
118,130,483834,#000000
117,130,483835,#000000
133,119,483836,#282828
137,119,483837,#282828
137,118,483838,#282828
136,119,483839,#282828
135,119,483840,#282828
134,119,483841,#282828
136,120,483842,#000000
135,114,483843,#4a4a4a
134,115,483844,#4a4a4a
133,115,483845,#4a4a4a
136,114,483846,#4a4a4a
133,135,483847,#4a4a4a
135,135,483848,#4a4a4a
134,135,483849,#4a4a4a
133,136,483850,#4a4a4a
135,136,483851,#4a4a4a
134,136,483852,#4a4a4a
134,137,483853,#4a4a4a
135,137,483854,#4a4a4a
135,138,483855,#4a4a4a
131,116,483856,#e84000
131,118,483857,#e84000
131,117,483858,#e84000
131,120,483859,#e84000
131,119,483860,#e84000
131,122,483861,#e84000
131,121,483862,#e84000
131,123,483863,#e84000
130,123,483864,#e84000
130,121,483865,#e84000
130,122,483866,#e84000
130,120,483867,#e84000
130,119,483868,#e84000
130,118,483869,#e84000
130,117,483870,#e84000
130,116,483871,#e84000
129,117,483872,#e84000
129,119,483873,#e84000
129,118,483874,#e84000
129,120,483875,#e84000
129,121,483876,#e84000
129,122,483877,#e84000
129,123,483878,#e84000
129,124,483879,#e84000
128,124,483880,#e84000
128,123,483881,#e84000
128,122,483882,#e84000
128,121,483883,#e84000
128,120,483884,#e84000
128,119,483885,#e84000
128,118,483886,#e84000
128,117,483887,#e84000
127,117,483888,#e84000
127,118,483889,#e84000
127,119,483890,#e84000
127,120,483891,#e84000
127,121,483892,#e84000
127,122,483893,#e84000
127,123,483894,#e84000
127,124,483895,#e84000
126,125,483896,#e84000
126,124,483897,#e84000
126,123,483898,#e84000
126,122,483899,#e84000
126,119,483900,#e84000
126,118,483901,#e84000
126,120,483902,#e84000
126,121,483903,#e84000
125,125,483904,#e84000
125,124,483905,#e84000
125,123,483906,#e84000
125,122,483907,#e84000
125,121,483908,#e84000
125,120,483909,#e84000
125,119,483910,#e84000
125,118,483911,#e84000
124,126,483912,#e84000
124,124,483913,#e84000
124,125,483914,#e84000
124,123,483915,#e84000
124,122,483916,#e84000
124,120,483917,#e84000
124,119,483918,#e84000
124,121,483919,#e84000
123,119,483920,#e84000
123,120,483921,#e84000
123,121,483922,#e84000
123,122,483923,#e84000
123,123,483924,#e84000
123,125,483925,#e84000
123,126,483926,#e84000
122,120,483927,#e84000
122,121,483928,#e84000
122,126,483929,#e84000
122,127,483930,#e84000
122,125,483931,#e84000
121,126,483932,#e84000
121,127,483933,#e84000
120,127,483934,#e84000
120,128,483935,#e84000
119,127,483936,#e84000
119,128,483937,#e84000
118,128,483938,#e84000
118,129,483939,#e84000
117,128,483940,#e84000
117,129,483941,#e84000
116,128,483942,#e84000
116,129,483943,#e84000
116,130,483944,#e84000
115,130,483945,#e84000
115,129,483946,#e84000
114,130,483947,#e84000
114,131,483948,#e84000
114,129,483949,#e84000
113,128,483950,#e84000
113,129,483951,#e84000
113,130,483952,#e84000
113,131,483953,#e84000
113,132,483954,#e84000
112,133,483955,#e84000
111,136,483956,#e84000
111,137,483957,#e84000
111,138,483958,#e84000
110,138,483959,#e84000
112,135,483960,#e84000
112,136,483961,#e84000
112,137,483962,#e84000
112,138,483963,#e84000
113,135,483964,#e84000
114,136,483965,#e84000
113,136,483966,#e84000
113,137,483967,#e84000
113,138,483968,#e84000
114,137,483969,#e84000
114,138,483970,#e84000
115,138,483971,#e84000
115,137,483972,#e84000
116,136,483973,#e84000
115,136,483974,#e84000
117,137,483975,#e84000
117,136,483976,#e84000
118,136,483977,#e84000
119,137,483978,#e84000
120,136,483979,#e84000
121,136,483980,#e84000
122,136,483981,#e84000
123,136,483982,#e84000
124,136,483983,#e84000
124,137,483984,#e84000
123,137,483985,#e84000
122,137,483986,#e84000
121,137,483987,#e84000
120,137,483988,#e84000
118,137,483989,#e84000
116,137,483990,#e84000
119,136,483991,#e84000
114,135,483992,#e84000
116,135,483993,#e84000
118,135,483994,#e84000
119,135,483995,#e84000
120,135,483996,#e84000
121,135,483997,#e84000
122,135,483998,#e84000
123,135,483999,#e84000
124,135,484000,#e84000
130,136,484001,#e84000
130,135,484002,#e84000
130,134,484003,#e84000
130,133,484004,#e84000
130,132,484005,#e84000
130,131,484006,#e84000
129,131,484007,#e84000
129,132,484008,#e84000
129,133,484009,#e84000
129,134,484010,#e84000
129,135,484011,#e84000
129,136,484012,#e84000
128,136,484013,#e84000
128,135,484014,#e84000
128,134,484015,#e84000
128,133,484016,#e84000
128,132,484017,#e84000
128,131,484018,#e84000
127,131,484019,#e84000
127,132,484020,#e84000
127,133,484021,#e84000
127,134,484022,#e84000
127,135,484023,#e84000
127,136,484024,#e84000
126,136,484025,#e84000
126,135,484026,#e84000
126,133,484027,#e84000
126,132,484028,#e84000
126,131,484029,#e84000
126,134,484030,#e84000
125,135,484031,#e84000
125,136,484032,#e84000
125,134,484033,#e84000
125,133,484034,#e84000
125,132,484035,#e84000
125,131,484036,#e84000
124,131,484037,#e84000
124,133,484038,#e84000
124,134,484039,#e84000
124,132,484040,#e84000
123,132,484041,#e84000
123,131,484042,#e84000
123,133,484043,#e84000
123,134,484044,#e84000
122,134,484045,#e84000
121,134,484046,#e84000
120,134,484047,#e84000
119,134,484048,#e84000
118,134,484049,#e84000
117,134,484050,#e84000
116,134,484051,#e84000
114,134,484052,#e84000
115,134,484053,#e84000
115,135,484054,#e84000
117,135,484055,#e84000
114,133,484056,#e84000
115,133,484057,#e84000
116,133,484058,#e84000
118,133,484059,#e84000
120,133,484060,#e84000
121,133,484061,#e84000
122,133,484062,#e84000
117,133,484063,#e84000
119,133,484064,#e84000
122,132,484065,#e84000
121,132,484066,#e84000
120,132,484067,#e84000
119,132,484068,#e84000
118,132,484069,#e84000
117,132,484070,#e84000
116,132,484071,#e84000
115,132,484072,#e84000
111,133,484073,#000000
110,126,484074,#e84000
110,125,484075,#e84000
110,124,484076,#e84000
110,127,484077,#e84000
112,123,484078,#e84000
115,122,484079,#e84000
118,121,484080,#e84000
120,120,484081,#e84000
124,118,484082,#f89840
122,119,484083,#e84000
132,116,484084,#f89840
132,119,484085,#f89840
131,133,484086,#f89840
131,134,484087,#f89840
131,135,484088,#f89840
122,122,484089,#f89840
122,123,484090,#f89840
122,124,484091,#f89840
123,124,484092,#e84000
121,120,484093,#f89840
121,121,484094,#f89840
121,122,484095,#f89840
121,123,484096,#f89840
121,124,484097,#f89840
121,125,484098,#f89840
120,125,484099,#f89840
119,125,484100,#f89840
118,125,484101,#f89840
117,125,484102,#f89840
116,125,484103,#f89840
115,125,484104,#f89840
113,125,484105,#f89840
112,125,484106,#f89840
111,125,484107,#f89840
114,125,484108,#f89840
111,124,484109,#f89840
112,124,484110,#f89840
113,124,484111,#f89840
115,124,484112,#f89840
117,124,484113,#f89840
118,124,484114,#f89840
119,124,484115,#f89840
120,124,484116,#f89840
120,123,484117,#f89840
120,122,484118,#f89840
120,121,484119,#f89840
119,121,484120,#f89840
119,123,484121,#f89840
117,123,484122,#f89840
119,122,484123,#f89840
118,122,484124,#f89840
117,122,484125,#f89840
118,123,484126,#f89840
116,122,484127,#f89840
116,123,484128,#f89840
116,124,484129,#f89840
114,124,484130,#f89840
115,123,484131,#f89840
114,123,484132,#f89840
113,123,484133,#f89840
111,126,484134,#f89840
111,128,484135,#f89840
111,129,484136,#f89840
111,130,484137,#f89840
111,131,484138,#f89840
111,132,484139,#f89840
112,132,484140,#f89840
112,131,484141,#f89840
112,129,484142,#f89840
112,128,484143,#f89840
111,127,484144,#f89840
112,127,484145,#f89840
113,127,484146,#f89840
114,127,484147,#f89840
115,127,484148,#f89840
116,127,484149,#f89840
117,127,484150,#f89840
118,127,484151,#f89840
120,126,484152,#f89840
118,126,484153,#f89840
119,126,484154,#f89840
117,126,484155,#f89840
116,126,484156,#f89840
115,126,484157,#f89840
114,126,484158,#f89840
113,126,484159,#f89840
112,126,484160,#f89840
115,128,484161,#f89840
114,128,484162,#f89840
112,130,484163,#f89840
111,134,484164,#f89840
111,135,484165,#f89840
136,115,484166,#808080
135,115,484167,#808080
136,116,484168,#808080
135,116,484169,#808080
134,116,484170,#808080
133,116,484171,#808080
133,117,484172,#808080
134,117,484173,#808080
135,117,484174,#808080
136,117,484175,#808080
136,118,484176,#808080
135,118,484177,#808080
134,118,484178,#808080
133,118,484179,#282828
108,124,484180,#000000
107,124,484181,#000000
106,124,484182,#000000
105,124,484183,#000000
104,124,484184,#000000
104,123,484185,#000000
105,123,484186,#000000
106,123,484187,#000000
105,122,484188,#000000
104,122,484189,#000000
103,122,484190,#000000
103,123,484191,#000000
102,123,484192,#000000
101,122,484193,#000000
102,122,484194,#000000
101,123,484195,#000000
100,123,484196,#000000
100,122,484197,#000000
100,124,484198,#000000
100,125,484199,#000000
100,126,484200,#000000
100,127,484201,#000000
101,128,484202,#000000
101,131,484203,#000000
100,132,484204,#000000
99,132,484205,#000000
98,132,484206,#000000
97,133,484207,#000000
96,133,484208,#000000
98,133,484209,#000000
99,133,484210,#000000
100,134,484211,#000000
100,133,484212,#000000
101,135,484213,#000000
101,136,484214,#000000
101,137,484215,#000000
101,138,484216,#000000
102,138,484217,#000000
103,138,484218,#000000
104,138,484219,#000000
105,138,484220,#000000
101,139,484221,#000000
101,140,484222,#000000
101,141,484223,#000000
100,139,484224,#000000
100,142,484225,#000000
100,143,484226,#000000
100,144,484227,#000000
99,145,484228,#000000
98,146,484229,#000000
97,146,484230,#000000
96,145,484231,#000000
95,145,484232,#000000
94,144,484233,#000000
94,143,484234,#000000
94,142,484235,#000000
93,142,484236,#000000
93,143,484237,#000000
92,141,484238,#000000
92,140,484239,#000000
91,139,484240,#000000
91,138,484241,#000000
91,137,484242,#000000
91,136,484243,#000000
92,136,484244,#000000
93,136,484245,#000000
93,137,484246,#000000
93,138,484247,#000000
94,139,484248,#000000
95,140,484249,#000000
94,135,484250,#000000
95,134,484251,#000000
95,132,484252,#000000
94,131,484253,#000000
93,130,484254,#000000
93,129,484255,#000000
93,128,484256,#000000
94,127,484257,#000000
95,126,484258,#000000
94,125,484259,#000000
94,124,484260,#000000
94,123,484261,#000000
94,122,484262,#000000
94,121,484263,#000000
100,121,484264,#000000
100,120,484265,#000000
100,119,484266,#000000
99,118,484267,#000000
99,117,484268,#000000
99,116,484269,#000000
98,115,484270,#000000
97,114,484271,#000000
96,114,484272,#000000
95,115,484273,#000000
94,116,484274,#000000
93,120,484275,#000000
93,119,484276,#000000
92,119,484277,#000000
91,119,484278,#000000
92,118,484279,#000000
93,117,484280,#000000
90,121,484281,#000000
89,121,484282,#000000
89,123,484283,#000000
89,122,484284,#000000
90,124,484285,#000000
91,125,484286,#000000
92,125,484287,#000000
90,128,484288,#000000
90,129,484289,#000000
90,130,484290,#000000
90,131,484291,#000000
89,132,484292,#000000
89,133,484293,#000000
89,134,484294,#000000
88,133,484295,#000000
90,135,484296,#000000
90,136,484297,#000000
87,134,484298,#000000
86,135,484299,#000000
85,135,484300,#000000
84,135,484301,#000000
83,135,484302,#000000
81,136,484303,#000000
82,135,484304,#000000
81,135,484305,#000000
82,134,484306,#000000
81,134,484307,#000000
81,132,484308,#000000
81,133,484309,#000000
82,131,484310,#000000
82,130,484311,#000000
82,129,484312,#000000
82,128,484313,#000000
83,129,484314,#000000
83,128,484315,#000000
82,127,484316,#000000
82,126,484317,#000000
82,125,484318,#000000
81,125,484319,#000000
81,124,484320,#000000
81,123,484321,#000000
80,122,484322,#000000
88,121,484323,#000000
88,122,484324,#000000
88,123,484325,#000000
88,124,484326,#000000
88,125,484327,#000000
89,126,484328,#000000
89,127,484329,#000000
87,124,484330,#000000
87,123,484331,#000000
87,122,484332,#000000
87,121,484333,#000000
85,121,484334,#000000
86,122,484335,#000000
86,121,484336,#000000
85,122,484337,#000000
84,121,484338,#000000
83,119,484339,#000000
83,120,484340,#000000
82,120,484341,#000000
82,118,484342,#000000
81,118,484343,#000000
82,117,484344,#000000
80,119,484345,#000000
79,120,484346,#000000
79,121,484347,#000000
77,120,484348,#000000
78,121,484349,#000000
78,120,484350,#000000
76,119,484351,#000000
74,117,484352,#000000
75,118,484353,#000000
74,118,484354,#000000
74,119,484355,#000000
74,120,484356,#000000
74,121,484357,#000000
73,121,484358,#000000
72,120,484359,#000000
71,120,484360,#000000
70,120,484361,#000000
71,134,484362,#000000
80,135,484363,#000000
79,135,484364,#000000
79,136,484365,#000000
78,137,484366,#000000
78,138,484367,#000000
77,136,484368,#000000
76,136,484369,#000000
75,136,484370,#000000
75,135,484371,#000000
74,137,484372,#000000
74,138,484373,#000000
73,135,484374,#000000
73,136,484375,#000000
72,134,484376,#000000
70,134,484377,#000000
69,134,484378,#000000
70,133,484379,#000000
71,132,484380,#000000
71,131,484381,#000000
70,131,484382,#000000
69,131,484383,#000000
68,131,484384,#000000
67,131,484385,#000000
68,130,484386,#000000
69,129,484387,#000000
70,128,484388,#000000
69,127,484389,#000000
68,126,484390,#000000
67,125,484391,#000000
70,121,484392,#000000
70,119,484393,#000000
71,122,484394,#000000
71,123,484395,#000000
71,124,484396,#000000
68,125,484397,#000000
69,125,484398,#000000
70,125,484399,#000000
71,125,484400,#000000
72,125,484401,#000000
77,134,484402,#000000
76,133,484403,#000000
77,133,484404,#000000
76,132,484405,#000000
77,132,484406,#000000
76,131,484407,#000000
77,131,484408,#000000
78,131,484409,#000000
78,130,484410,#000000
78,129,484411,#000000
78,128,484412,#000000
77,128,484413,#000000
77,129,484414,#000000
77,130,484415,#000000
77,127,484416,#000000
78,127,484417,#000000
79,127,484418,#000000
80,127,484419,#000000
81,127,484420,#000000
78,126,484421,#000000
79,125,484422,#000000
69,126,484423,#d09018
70,126,484424,#d09018
71,126,484425,#d09018
72,126,484426,#d09018
73,126,484427,#d09018
73,125,484428,#d09018
72,124,484429,#d09018
71,121,484430,#d09018
72,121,484431,#d09018
72,122,484432,#d09018
73,122,484433,#d09018
74,122,484434,#d09018
75,122,484435,#d09018
76,122,484436,#d09018
77,122,484437,#d09018
78,122,484438,#d09018
79,122,484439,#d09018
80,123,484440,#d09018
80,124,484441,#d09018
79,124,484442,#d09018
78,125,484443,#d09018
77,126,484444,#d09018
76,127,484445,#d09018
76,128,484446,#d09018
75,128,484447,#d09018
76,130,484448,#d09018
75,131,484449,#d09018
75,132,484450,#d09018
75,134,484451,#d09018
76,135,484452,#d09018
78,135,484453,#d09018
78,136,484454,#d09018
74,136,484455,#d09018
74,135,484456,#d09018
73,134,484457,#d09018
73,133,484458,#d09018
72,133,484459,#d09018
71,133,484460,#d09018
72,131,484461,#d09018
72,129,484462,#d09018
71,129,484463,#d09018
71,128,484464,#d09018
71,130,484465,#d09018
70,130,484466,#d09018
69,130,484467,#d09018
70,129,484468,#d09018
70,127,484469,#d09018
74,123,484470,#d09018
75,123,484471,#d09018
76,123,484472,#d09018
77,123,484473,#d09018
76,124,484474,#d09018
77,121,484475,#d09018
76,121,484476,#d09018
75,121,484477,#d09018
75,120,484478,#d09018
76,120,484479,#d09018
75,119,484480,#d09018
80,120,484481,#d09018
80,121,484482,#d09018
81,119,484483,#d09018
82,119,484484,#d09018
81,120,484485,#d09018
81,121,484486,#d09018
81,122,484487,#d09018
82,121,484488,#d09018
83,121,484489,#d09018
82,122,484490,#d09018
82,123,484491,#d09018
82,124,484492,#d09018
83,125,484493,#d09018
84,125,484494,#d09018
72,123,484495,#f8e048
73,123,484496,#f8e048
73,124,484497,#f8e048
74,124,484498,#f8e048
75,124,484499,#f8e048
75,125,484500,#f8e048
74,125,484501,#f8e048
74,126,484502,#f8e048
75,126,484503,#f8e048
76,126,484504,#f8e048
76,125,484505,#f8e048
77,125,484506,#f8e048
77,124,484507,#f8e048
78,124,484508,#f8e048
79,123,484509,#f8e048
78,123,484510,#f8e048
75,127,484511,#f8e048
74,127,484512,#f8e048
73,127,484513,#f8e048
72,127,484514,#f8e048
71,127,484515,#f8e048
72,128,484516,#f8e048
73,128,484517,#f8e048
74,128,484518,#f8e048
73,129,484519,#f8e048
74,129,484520,#f8e048
75,129,484521,#f8e048
76,129,484522,#f8e048
74,130,484523,#f8e048
75,130,484524,#f8e048
73,130,484525,#f8e048
72,130,484526,#f8e048
74,131,484527,#f8e048
73,131,484528,#f8e048
72,132,484529,#f8e048
73,132,484530,#f8e048
74,132,484531,#f8e048
74,133,484532,#f8e048
74,134,484533,#f8e048
75,133,484534,#f8e048
76,134,484535,#f8e048
77,135,484536,#f8e048
80,125,484537,#505050
79,126,484538,#505050
80,126,484539,#505050
81,126,484540,#505050
91,122,484541,#505050
91,123,484542,#505050
92,123,484543,#505050
92,122,484544,#505050
92,121,484545,#505050
93,121,484546,#505050
94,126,484547,#505050
93,126,484548,#505050
94,133,484549,#505050
93,134,484550,#505050
92,134,484551,#505050
93,135,484552,#505050
92,135,484553,#505050
91,135,484554,#505050
94,118,484555,#505050
94,119,484556,#505050
95,117,484557,#505050
95,118,484558,#505050
95,119,484559,#505050
95,120,484560,#505050
95,121,484561,#505050
95,122,484562,#505050
95,123,484563,#505050
95,124,484564,#505050
96,125,484565,#505050
97,125,484566,#505050
98,125,484567,#505050
98,124,484568,#505050
97,124,484569,#505050
96,124,484570,#505050
96,123,484571,#505050
97,123,484572,#505050
98,123,484573,#505050
98,122,484574,#505050
97,122,484575,#505050
96,122,484576,#505050
98,121,484577,#505050
97,121,484578,#505050
96,121,484579,#505050
96,120,484580,#505050
97,120,484581,#505050
97,119,484582,#505050
96,119,484583,#505050
97,118,484584,#505050
97,117,484585,#505050
96,117,484586,#505050
96,118,484587,#505050
96,116,484588,#505050
95,143,484589,#505050
95,144,484590,#505050
97,144,484591,#505050
96,144,484592,#505050
96,143,484593,#505050
97,143,484594,#505050
82,136,484595,#282828
98,144,484596,#505050
98,143,484597,#505050
98,142,484598,#505050
98,141,484599,#505050
97,141,484600,#505050
96,141,484601,#505050
96,142,484602,#505050
97,142,484603,#505050
105,134,484604,#505050
105,133,484605,#505050
105,132,484606,#505050
90,132,484607,#282828
90,133,484608,#282828
90,134,484609,#282828
91,134,484610,#282828
91,133,484611,#282828
92,133,484612,#282828
93,133,484613,#282828
91,132,484614,#282828
92,132,484615,#282828
93,132,484616,#282828
94,132,484617,#282828
94,134,484618,#282828
95,133,484619,#282828
92,137,484620,#282828
92,138,484621,#282828
92,139,484622,#282828
93,139,484623,#282828
93,140,484624,#282828
93,141,484625,#282828
94,141,484626,#282828
94,140,484627,#282828
95,141,484628,#282828
95,142,484629,#282828
97,145,484630,#282828
98,145,484631,#282828
99,144,484632,#282828
99,143,484633,#282828
99,142,484634,#282828
99,141,484635,#282828
100,141,484636,#282828
100,140,484637,#282828
107,138,484638,#282828
107,137,484639,#282828
107,136,484640,#282828
107,135,484641,#282828
107,134,484642,#282828
107,133,484643,#282828
107,132,484644,#282828
107,131,484645,#282828
107,130,484646,#282828
107,129,484647,#282828
107,128,484648,#282828
107,127,484649,#282828
107,126,484650,#282828
107,125,484651,#282828
108,125,484652,#282828
108,126,484653,#282828
108,127,484654,#282828
108,128,484655,#282828
108,129,484656,#282828
108,133,484657,#282828
108,132,484658,#282828
108,131,484659,#282828
108,130,484660,#282828
108,134,484661,#282828
108,135,484662,#282828
108,136,484663,#282828
108,138,484664,#282828
108,137,484665,#282828
109,137,484666,#282828
109,136,484667,#282828
109,135,484668,#282828
109,134,484669,#282828
109,133,484670,#282828
109,132,484671,#282828
109,130,484672,#282828
109,131,484673,#282828
109,129,484674,#282828
106,132,484675,#282828
106,133,484676,#282828
106,134,484677,#282828
103,133,484678,#282828
103,132,484679,#282828
103,131,484680,#282828
102,131,484681,#282828
102,132,484682,#282828
101,132,484683,#282828
101,133,484684,#e84000
102,133,484685,#282828
99,125,484686,#282828
99,124,484687,#282828
99,123,484688,#282828
99,122,484689,#282828
99,121,484690,#282828
99,120,484691,#282828
99,119,484692,#282828
98,119,484693,#282828
98,120,484694,#282828
98,118,484695,#282828
98,117,484696,#282828
98,116,484697,#282828
97,116,484698,#282828
97,115,484699,#282828
96,115,484700,#282828
95,116,484701,#282828
94,117,484702,#282828
93,118,484703,#282828
94,120,484704,#282828
92,120,484705,#282828
91,120,484706,#282828
91,121,484707,#282828
90,120,484708,#282828
90,122,484709,#282828
90,123,484710,#282828
91,124,484711,#282828
92,124,484712,#282828
93,124,484713,#282828
93,123,484714,#282828
93,122,484715,#282828
93,125,484716,#282828
95,125,484717,#282828
89,124,484718,#282828
89,125,484719,#282828
90,125,484720,#282828
90,126,484721,#282828
90,127,484722,#282828
91,127,484723,#282828
92,127,484724,#282828
93,127,484725,#282828
91,126,484726,#282828
92,126,484727,#282828
91,128,484728,#282828
91,129,484729,#282828
91,130,484730,#282828
91,131,484731,#282828
92,131,484732,#282828
92,130,484733,#282828
92,129,484734,#282828
92,128,484735,#282828
93,131,484736,#282828
138,119,484737,#282828
139,111,484738,#000000
138,133,484739,#000000
138,134,484740,#000000
78,132,484741,#a0a0a0
78,133,484742,#a0a0a0
78,134,484743,#a0a0a0
79,134,484744,#a0a0a0
80,134,484745,#a0a0a0
80,133,484746,#a0a0a0
81,131,484747,#a0a0a0
81,129,484748,#a0a0a0
80,129,484749,#a0a0a0
79,129,484750,#a0a0a0
79,128,484751,#a0a0a0
79,130,484752,#a0a0a0
79,131,484753,#a0a0a0
104,132,484754,#a0a0a0
104,133,484755,#a0a0a0
104,131,484756,#a0a0a0
132,117,484757,#f8c880
132,118,484758,#f8c880
137,113,484759,#f8c880
138,115,484760,#f8c880
138,117,484761,#f8c880
137,116,484762,#f8c880
137,137,484763,#fb9043
86,129,484764,#f8c880
86,130,484765,#f8c880
86,131,484766,#f8c880
87,129,484767,#f8c880
88,129,484768,#f8c880
88,130,484769,#f8c880
88,131,484770,#f8c880
86,128,484771,#f8c880
85,127,484772,#f8c880
85,126,484773,#f8c880
85,133,484774,#f8c880
86,133,484775,#f8c880
97,126,484776,#f8c880
98,126,484777,#f8c880
97,127,484778,#f8c880
98,127,484779,#f8c880
97,128,484780,#f8c880
96,128,484781,#f8c880
96,127,484782,#f8c880
95,128,484783,#f8c880
95,129,484784,#f8c880
96,129,484785,#f8c880
97,129,484786,#f8c880
98,129,484787,#f8c880
98,128,484788,#f8c880
97,140,484789,#f8c880
98,140,484790,#f8c880
98,139,484791,#f8c880
97,139,484792,#f8c880
96,139,484793,#f8c880
96,138,484794,#f8c880
95,138,484795,#f8c880
95,137,484796,#f8c880
96,137,484797,#f8c880
97,137,484798,#f8c880
97,138,484799,#f8c880
98,137,484800,#f8c880
98,138,484801,#f8c880
84,129,484802,#4880b0
85,129,484803,#4880b0
85,130,484804,#4880b0
83,134,484805,#4880b0
84,134,484806,#4880b0
137,139,484807,#d86020
138,114,484808,#d86020
95,130,484809,#d86020
95,131,484810,#d86020
96,131,484811,#d86020
95,136,484812,#d86020
95,135,484813,#d86020
96,134,484814,#d86020
97,134,484815,#d86020
98,134,484816,#d86020
99,134,484817,#d86020
100,136,484818,#d86020
100,135,484819,#d86020
100,137,484820,#d86020
100,138,484821,#d86020
99,131,484822,#d86020
100,131,484823,#d86020
100,130,484824,#d86020
100,129,484825,#d86020
100,128,484826,#d86020
83,122,484827,#d86020
84,122,484828,#d86020
83,124,484829,#d86020
84,124,484830,#d86020
85,124,484831,#d86020
86,123,484832,#d86020
86,125,484833,#d86020
86,126,484834,#d86020
87,125,484835,#d86020
87,127,484836,#d86020
87,128,484837,#d86020
88,127,484838,#d86020
88,126,484839,#d86020
89,128,484840,#d86020
89,129,484841,#d86020
89,131,484842,#d86020
87,130,484843,#d86020
87,131,484844,#d86020
87,133,484845,#d86020
86,134,484846,#d86020
82,132,484847,#d86020
82,133,484848,#d86020
83,130,484849,#d86020
84,131,484850,#d86020
83,127,484851,#d86020
83,126,484852,#d86020
97,132,484853,#d86020
94,138,484854,#d86020
83,123,484855,#fb9043
84,123,484856,#fb9043
85,123,484857,#fb9043
86,124,484858,#fb9043
85,125,484859,#fb9043
84,126,484860,#fb9043
87,126,484861,#fb9043
88,128,484862,#fb9043
89,130,484863,#fb9043
87,132,484864,#fb9043
88,132,484865,#fb9043
86,132,484866,#fb9043
85,134,484867,#fb9043
83,131,484868,#fb9043
83,132,484869,#fb9043
94,136,484870,#fb9043
94,137,484871,#fb9043
95,139,484872,#fb9043
96,140,484873,#fb9043
96,135,484874,#fb9043
97,135,484875,#fb9043
98,135,484876,#fb9043
99,135,484877,#fb9043
99,136,484878,#fb9043
99,137,484879,#fb9043
99,138,484880,#fb9043
99,139,484881,#fb9043
99,140,484882,#fb9043
99,130,484883,#fb9043
99,129,484884,#fb9043
99,128,484885,#fb9043
99,127,484886,#fb9043
99,126,484887,#fb9043
98,131,484888,#fb9043
96,132,484889,#fb9043
94,130,484890,#fb9043
94,129,484891,#fb9043
94,128,484892,#fb9043
95,127,484893,#fb9043
96,126,484894,#fb9043
138,116,484895,#fb9043
137,114,484896,#fb9043
138,118,484897,#fb9043
138,112,484898,#fb9043
138,113,484899,#fb9043
136,139,484900,#fb9043
137,140,484901,#fb9043
137,141,484902,#fb9043
136,137,484903,#f8c880
137,138,484904,#f8c880
136,140,484905,#f8c880
86,127,484906,#f8ebce
84,132,484907,#f8ebce
85,132,484908,#f8ebce
85,131,484909,#f8ebce
96,130,484910,#f8ebce
97,130,484911,#f8ebce
98,130,484912,#f8ebce
97,131,484913,#f8ebce
96,136,484914,#f8ebce
97,136,484915,#f8ebce
98,136,484916,#f8ebce
136,138,484917,#f8ebce
137,115,484918,#f8ebce
137,117,484919,#f8ebce
136,136,484920,#282828
137,136,484921,#282828
84,127,484922,#505050
84,130,484923,#000000
83,133,484924,#000000
101,124,484925,#e84000
102,124,484926,#e84000
103,124,484927,#e84000
101,125,484928,#e84000
101,126,484929,#e84000
101,127,484930,#e84000
102,127,484931,#e84000
102,126,484932,#e84000
102,125,484933,#e84000
102,128,484934,#e84000
103,128,484935,#e84000
103,129,484936,#e84000
103,130,484937,#e84000
102,130,484938,#e84000
102,129,484939,#e84000
104,125,484940,#e84000
104,126,484941,#e84000
105,125,484942,#e84000
105,126,484943,#e84000
106,125,484944,#e84000
106,126,484945,#e84000
106,127,484946,#e84000
106,128,484947,#e84000
106,129,484948,#e84000
106,130,484949,#e84000
106,131,484950,#e84000
105,127,484951,#e84000
106,135,484952,#e84000
106,136,484953,#e84000
106,137,484954,#e84000
106,138,484955,#e84000
104,137,484956,#e84000
103,137,484957,#e84000
103,136,484958,#e84000
103,135,484959,#e84000
103,134,484960,#e84000
102,134,484961,#e84000
102,135,484962,#e84000
102,136,484963,#e84000
102,137,484964,#e84000
101,134,484965,#e84000
80,128,484966,#ffffff
81,128,484967,#ffffff
80,130,484968,#ffffff
81,130,484969,#ffffff
80,131,484970,#ffffff
80,132,484971,#ffffff
79,133,484972,#ffffff
79,132,484973,#ffffff
84,128,484974,#ffffff
85,128,484975,#ffffff
84,133,484976,#ffffff
101,129,484977,#000000
101,130,484978,#000000
103,125,484979,#f89840
103,126,484980,#f89840
103,127,484981,#f89840
104,127,484982,#f89840
104,128,484983,#f89840
104,129,484984,#f89840
104,130,484985,#f89840
105,128,484986,#f89840
105,129,484987,#f89840
105,130,484988,#f89840
105,131,484989,#f89840
105,135,484990,#f89840
105,136,484991,#f89840
105,137,484992,#f89840
104,134,484993,#f89840
104,135,484994,#f89840
104,136,484995,#f89840
