134,128,11765,#000000
135,128,11766,#000000
136,128,11767,#000000
137,129,11768,#000000
137,130,11769,#000000
137,131,11770,#000000
136,130,11771,#000000
138,132,11772,#000000
138,133,11773,#000000
138,134,11774,#000000
137,134,11775,#000000
136,133,11776,#000000
138,135,11777,#000000
138,136,11778,#000000
137,137,11779,#000000
138,137,11780,#000000
136,136,11781,#000000
137,138,11782,#000000
137,139,11783,#000000
137,140,11784,#000000
136,139,11785,#000000
135,138,11786,#000000
134,137,11787,#000000
134,136,11788,#000000
134,135,11789,#000000
133,134,11790,#000000
133,133,11791,#000000
133,132,11792,#000000
133,131,11793,#000000
133,130,11794,#000000
133,129,11795,#000000
134,129,11796,#d86020
135,129,11797,#d86020
136,129,11798,#d86020
134,130,11799,#fb9043
135,130,11800,#fb9043
136,131,11801,#fb9043
137,132,11802,#fb9043
135,133,11803,#fb9043
135,132,11804,#d86020
134,134,11805,#fb9043
135,136,11806,#fb9043
136,137,11807,#fb9043
137,135,11808,#fb9043
136,134,11809,#fb9043
135,135,11810,#d86020
134,131,11811,#f8c880
135,131,11812,#f8c880
134,132,11813,#f8c880
134,133,11814,#f8c880
136,132,11815,#f8c880
137,133,11816,#f8c880
135,134,11817,#f8c880
136,135,11818,#f8c880
137,136,11819,#f8c880
136,138,11820,#f8c880
135,137,11821,#f8c880
132,129,11822,#000000
131,129,11823,#000000
130,129,11824,#000000
129,129,11825,#000000
128,129,11826,#000000
127,129,11827,#000000
126,129,11828,#000000
125,130,11829,#000000
124,130,11830,#000000
123,130,11831,#000000
122,130,11832,#000000
124,129,11833,#000000
123,128,11834,#000000
121,131,11835,#000000
120,131,11836,#000000
119,131,11837,#000000
118,132,11838,#000000
118,133,11839,#000000
118,134,11840,#000000
119,135,11841,#000000
120,136,11842,#000000
121,136,11843,#000000
121,137,11844,#000000
120,138,11845,#000000
121,138,11846,#000000
122,138,11847,#000000
120,139,11848,#000000
120,140,11849,#000000
121,140,11850,#000000
122,140,11851,#000000
122,139,11852,#000000
121,139,11853,#000000
123,139,11854,#000000
124,139,11855,#000000
125,140,11856,#000000
126,140,11857,#000000
127,140,11858,#000000
126,139,11859,#000000
128,140,11860,#000000
128,139,11861,#000000
129,140,11862,#000000
129,139,11863,#000000
129,138,11864,#000000
129,137,11865,#000000
128,136,11866,#000000
128,135,11867,#000000
129,134,11868,#000000
130,134,11869,#000000
131,134,11870,#000000
132,134,11871,#000000
126,130,11872,#282828
127,130,11873,#282828
128,130,11874,#282828
129,130,11875,#282828
130,130,11876,#282828
131,130,11877,#282828
132,130,11878,#282828
122,131,11879,#282828
123,131,11880,#282828
124,131,11881,#282828
125,131,11882,#282828
119,132,11883,#282828
119,133,11884,#282828
119,134,11885,#282828
120,135,11886,#282828
121,135,11887,#282828
122,135,11888,#282828
123,135,11889,#282828
124,135,11890,#282828
125,135,11891,#282828
126,135,11892,#282828
127,135,11893,#282828
122,137,11894,#282828
123,136,11895,#282828
124,136,11896,#282828
125,136,11897,#282828
126,136,11898,#282828
127,136,11899,#282828
124,137,11900,#282828
123,138,11901,#282828
124,138,11902,#282828
125,138,11903,#282828
126,138,11904,#282828
127,138,11905,#282828
128,138,11906,#282828
125,137,11907,#282828
126,137,11908,#282828
127,137,11909,#282828
128,137,11910,#282828
127,139,11911,#282828
129,133,11912,#282828
130,133,11913,#282828
131,133,11914,#282828
132,133,11915,#282828
128,134,11916,#282828
127,134,11917,#282828
126,134,11918,#282828
125,134,11919,#282828
126,131,11920,#505050
127,131,11921,#505050
128,131,11922,#505050
129,131,11923,#505050
130,131,11924,#505050
131,131,11925,#505050
132,131,11926,#505050
120,132,11927,#505050
121,132,11928,#505050
122,132,11929,#505050
123,132,11930,#505050
124,132,11931,#505050
125,132,11932,#505050
126,132,11933,#505050
127,132,11934,#505050
128,132,11935,#505050
129,132,11936,#505050
130,132,11937,#505050
131,132,11938,#505050
132,132,11939,#505050
127,133,11940,#505050
126,133,11941,#505050
125,133,11942,#505050
124,133,11943,#505050
123,133,11944,#505050
122,133,11945,#505050
121,133,11946,#505050
120,133,11947,#505050
120,134,11948,#505050
121,134,11949,#505050
122,134,11950,#505050
123,134,11951,#505050
124,134,11952,#505050
128,133,11953,#505050
122,136,11954,#505050
123,137,11955,#505050
125,139,11956,#505050
123,140,11957,#d09018
124,140,11958,#d09018
127,128,11959,#f80000
128,128,11960,#f80000
129,128,11961,#f80000
130,128,11962,#f80000
131,128,11963,#f80000
132,128,11964,#f80000
133,128,11965,#f80000
125,129,11966,#f80000
124,128,11967,#f80000
125,128,11968,#f80000
126,128,11969,#f80000
134,127,11970,#f80000
135,127,11971,#f80000
136,127,11972,#f80000
137,128,11973,#f80000
138,129,11974,#f80000
138,130,11975,#f80000
138,131,11976,#f80000
138,138,11977,#f80000
138,139,11978,#f80000
138,140,11979,#f80000
138,141,11980,#f80000
138,142,11981,#f80000
137,141,11982,#f80000
136,141,11983,#f80000
136,140,11984,#f80000
135,140,11985,#f80000
135,139,11986,#f80000
134,139,11987,#f80000
134,138,11988,#f80000
133,139,11989,#f80000
133,138,11990,#f80000
133,137,11991,#f80000
133,136,11992,#f80000
133,135,11993,#f80000
129,135,11994,#f80000
130,135,11995,#f80000
131,135,11996,#f80000
132,135,11997,#f80000
129,136,11998,#f80000
130,136,11999,#f80000
131,136,12000,#f80000
132,136,12001,#f80000
130,137,12002,#f80000
130,138,12003,#f80000
130,139,12004,#f80000
130,140,12005,#f80000
129,141,12006,#000000
130,142,12007,#000000
131,143,12008,#000000
132,143,12009,#000000
133,144,12010,#000000
134,144,12011,#000000
135,145,12012,#000000
135,146,12013,#000000
135,147,12014,#000000
135,148,12015,#000000
135,149,12016,#000000
134,150,12017,#000000
134,152,12018,#000000
133,153,12019,#000000
132,153,12020,#000000
131,152,12021,#000000
129,153,12022,#000000
128,153,12023,#000000
130,153,12024,#000000
129,151,12025,#000000
128,151,12026,#000000
127,152,12027,#000000
127,151,12028,#000000
127,150,12029,#000000
127,149,12030,#000000
126,151,12031,#000000
127,148,12032,#505050
125,150,12033,#000000
125,149,12034,#000000
125,148,12035,#000000
124,149,12036,#000000
124,150,12037,#000000
123,151,12038,#000000
123,152,12039,#000000
124,153,12040,#000000
125,154,12041,#000000
128,154,12042,#000000
127,154,12043,#000000
129,154,12044,#000000
129,155,12045,#000000
128,152,12046,#d86020
129,152,12047,#d86020
133,152,12048,#d86020
133,150,12049,#d86020
132,149,12050,#d86020
134,146,12051,#d86020
134,145,12052,#d86020
133,145,12053,#d86020
132,145,12054,#d86020
132,144,12055,#d86020
131,144,12056,#d86020
130,143,12057,#d86020
129,143,12058,#d86020
128,143,12059,#d86020
128,141,12060,#d86020
128,142,12061,#d86020
129,142,12062,#d86020
127,142,12063,#d86020
126,142,12064,#d86020
125,143,12065,#d86020
124,143,12066,#d86020
127,144,12067,#d86020
126,145,12068,#d86020
129,144,12069,#d86020
129,145,12070,#d86020
129,146,12071,#d86020
129,147,12072,#d86020
129,148,12073,#d86020
128,148,12074,#d86020
128,144,12075,#d86020
130,144,12076,#d86020
131,146,12077,#d86020
131,147,12078,#d86020
130,150,12079,#d86020
128,150,12080,#f80000
129,150,12081,#f80000
131,153,12082,#f80000
130,154,12083,#f80000
132,154,12084,#f80000
133,154,12085,#f80000
134,153,12086,#f80000
135,152,12087,#f80000
135,151,12088,#f80000
135,150,12089,#f80000
136,149,12090,#f80000
136,148,12091,#f80000
136,146,12092,#f80000
136,145,12093,#f80000
136,147,12094,#f80000
135,144,12095,#f80000
133,143,12096,#f80000
134,143,12097,#f80000
131,142,12098,#f80000
132,142,12099,#f80000
130,141,12100,#f80000
130,146,12101,#fb9043
130,145,12102,#fb9043
131,145,12103,#fb9043
132,146,12104,#fb9043
133,146,12105,#fb9043
132,147,12106,#fb9043
133,147,12107,#fb9043
134,147,12108,#fb9043
132,148,12109,#fb9043
134,151,12110,#fb9043
130,151,12111,#fb9043
127,146,12112,#fb9043
128,146,12113,#fb9043
127,147,12114,#fb9043
127,145,12115,#d09018
128,145,12116,#d09018
126,143,12117,#fb9043
127,143,12118,#fb9043
134,148,12119,#f8c880
130,148,12120,#f8c880
131,148,12121,#f8c880
131,149,12122,#f8c880
130,149,12123,#f8c880
130,147,12124,#fb9043
131,150,12125,#f8c880
131,151,12126,#f8c880
132,151,12127,#f8c880
133,151,12128,#f8c880
132,150,12129,#f8c880
132,152,12130,#f8c880
130,152,12131,#f8c880
128,147,12132,#f8c880
126,144,12133,#f8c880
125,144,12134,#f8c880
126,147,12135,#d86020
126,148,12136,#d86020
126,149,12137,#d86020
126,150,12138,#d86020
124,151,12139,#a0a0a0
125,151,12140,#a0a0a0
124,152,12141,#a0a0a0
125,152,12142,#a0a0a0
125,153,12143,#a0a0a0
126,154,12144,#a0a0a0
127,153,12145,#a0a0a0
126,141,12146,#d09018
125,141,12147,#d09018
127,141,12148,#d09018
123,141,12149,#000000
124,141,12150,#000000
122,141,12151,#d09018
121,141,12152,#d09018
121,142,12153,#d09018
122,142,12154,#d09018
123,142,12155,#d09018
124,142,12156,#d09018
125,142,12157,#d09018
122,143,12158,#d09018
123,143,12159,#d09018
124,144,12160,#d09018
124,145,12161,#d09018
125,145,12162,#d09018
126,146,12163,#d09018
125,147,12164,#d09018
124,148,12165,#d09018
123,150,12166,#d09018
122,150,12167,#d09018
122,151,12168,#d09018
120,143,12169,#000000
121,143,12170,#000000
120,142,12171,#000000
120,141,12172,#000000
120,144,12173,#000000
121,144,12174,#000000
122,144,12175,#000000
123,144,12176,#505050
123,145,12177,#505050
124,146,12178,#505050
125,146,12179,#000000
123,146,12180,#000000
123,147,12181,#000000
124,147,12182,#000000
122,147,12183,#000000
121,148,12184,#000000
122,148,12185,#000000
122,146,12186,#d09018
121,146,12187,#d09018
122,145,12188,#f8e048
121,145,12189,#f8e048
120,145,12190,#f8e048
120,146,12191,#f8e048
120,147,12192,#f8e048
121,147,12193,#f8e048
129,156,12194,#000000
130,156,12195,#000000
128,156,12196,#000000
127,156,12197,#000000
126,156,12198,#000000
125,156,12199,#000000
125,157,12200,#000000
125,158,12201,#000000
125,159,12202,#000000
125,160,12203,#000000
124,159,12204,#000000
123,158,12205,#000000
122,157,12206,#000000
121,157,12207,#000000
120,158,12208,#000000
119,159,12209,#000000
119,158,12210,#000000
119,157,12211,#000000
119,156,12212,#000000
118,155,12213,#000000
117,156,12214,#000000
116,156,12215,#000000
115,155,12216,#000000
115,156,12217,#000000
115,157,12218,#000000
116,154,12219,#000000
116,153,12220,#000000
115,152,12221,#000000
114,152,12222,#000000
113,152,12223,#000000
112,152,12224,#000000
113,151,12225,#000000
114,151,12226,#000000
115,150,12227,#000000
116,149,12228,#000000
115,148,12229,#000000
114,147,12230,#000000
113,146,12231,#000000
112,145,12232,#000000
114,145,12233,#000000
115,145,12234,#000000
116,145,12235,#000000
116,144,12236,#000000
116,143,12237,#000000
116,142,12238,#000000
117,141,12239,#000000
118,141,12240,#000000
119,142,12241,#000000
119,141,12242,#000000
116,141,12243,#000000
116,140,12244,#000000
118,140,12245,#000000
117,142,12246,#d09018
118,142,12247,#d09018
118,143,12248,#d09018
117,143,12249,#d09018
119,143,12250,#d09018
119,144,12251,#d09018
118,144,12252,#d09018
117,144,12253,#d09018
117,145,12254,#d09018
118,145,12255,#d09018
119,145,12256,#d09018
114,146,12257,#d09018
115,146,12258,#d09018
115,147,12259,#d09018
113,145,12260,#f8c880
114,144,12261,#f8c880
113,143,12262,#f8c880
112,144,12263,#f8c880
116,148,12264,#d09018
117,148,12265,#d09018
117,149,12266,#d09018
117,150,12267,#d09018
116,150,12268,#d09018
118,149,12269,#d09018
115,151,12270,#d09018
116,152,12271,#d09018
117,152,12272,#d09018
117,153,12273,#d09018
117,154,12274,#d09018
116,155,12275,#d09018
117,155,12276,#d09018
118,153,12277,#d09018
118,154,12278,#d09018
119,154,12279,#d09018
119,155,12280,#d09018
120,156,12281,#d09018
120,157,12282,#d09018
121,156,12283,#d09018
121,155,12284,#d09018
122,156,12285,#d09018
122,155,12286,#d09018
122,154,12287,#d09018
123,157,12288,#d09018
124,156,12289,#d09018
124,157,12290,#d09018
124,158,12291,#d09018
127,155,12292,#d09018
128,155,12293,#d09018
116,146,12294,#f8e048
117,146,12295,#f8e048
118,146,12296,#f8e048
119,146,12297,#f8e048
116,147,12298,#f8e048
117,147,12299,#f8e048
118,147,12300,#f8e048
119,147,12301,#f8e048
118,148,12302,#f8e048
119,148,12303,#f8e048
120,148,12304,#f8e048
119,149,12305,#f8e048
120,149,12306,#f8e048
121,149,12307,#f8e048
122,149,12308,#f8e048
123,149,12309,#f8e048
123,148,12310,#f8e048
118,150,12311,#f8e048
119,150,12312,#f8e048
120,150,12313,#f8e048
121,150,12314,#f8e048
116,151,12315,#f8e048
117,151,12316,#f8e048
118,151,12317,#f8e048
119,151,12318,#f8e048
120,151,12319,#f8e048
121,151,12320,#f8e048
118,152,12321,#f8e048
119,152,12322,#f8e048
120,152,12323,#f8e048
121,152,12324,#f8e048
122,152,12325,#f8e048
119,153,12326,#f8e048
120,153,12327,#f8e048
121,153,12328,#f8e048
122,153,12329,#f8e048
123,153,12330,#f8e048
120,154,12331,#f8e048
121,154,12332,#f8e048
120,155,12333,#f8e048
123,154,12334,#f8e048
124,154,12335,#f8e048
123,155,12336,#f8e048
124,155,12337,#f8e048
125,155,12338,#f8e048
126,155,12339,#f8e048
123,156,12340,#f8e048
126,152,12341,#ffffff
126,153,12342,#ffffff
128,149,12343,#ffffff
129,149,12344,#ffffff
133,148,12345,#ffffff
133,149,12346,#ffffff
134,149,12347,#ffffff
130,155,12348,#f80000
131,156,12349,#f80000
131,154,12350,#f80000
130,157,12351,#f80000
129,157,12352,#f80000
128,157,12353,#f80000
127,157,12354,#f80000
126,157,12355,#f80000
126,158,12356,#f80000
126,159,12357,#f80000
126,160,12358,#f80000
125,161,12359,#f80000
124,160,12360,#f80000
123,159,12361,#f80000
122,158,12362,#f80000
121,158,12363,#f80000
120,159,12364,#f80000
119,160,12365,#f80000
118,161,12366,#f80000
118,160,12367,#f80000
118,159,12368,#f80000
118,158,12369,#f80000
118,157,12370,#f80000
118,156,12371,#f80000
117,157,12372,#f80000
116,157,12373,#f80000
115,158,12374,#f80000
115,159,12375,#f80000
114,158,12376,#f80000
113,157,12377,#f80000
112,156,12378,#f80000
113,156,12379,#f80000
114,157,12380,#f80000
114,156,12381,#f80000
114,155,12382,#f80000
114,154,12383,#f80000
114,153,12384,#f80000
115,154,12385,#f80000
115,153,12386,#f80000
113,153,12387,#f80000
112,153,12388,#f80000
112,154,12389,#f80000
112,155,12390,#f80000
113,155,12391,#f80000
113,154,12392,#f80000
111,156,12393,#f80000
110,156,12394,#f80000
110,155,12395,#f80000
111,155,12396,#f80000
110,154,12397,#f80000
111,154,12398,#f80000
111,153,12399,#f80000
111,152,12400,#f80000
110,152,12401,#f80000
109,155,12402,#f80000
108,155,12403,#f80000
108,154,12404,#f80000
109,153,12405,#f80000
108,152,12406,#f80000
107,153,12407,#f80000
109,151,12408,#f80000
110,151,12409,#f80000
111,151,12410,#f80000
112,151,12411,#f80000
112,150,12412,#f80000
113,150,12413,#f80000
114,150,12414,#f80000
113,149,12415,#f80000
114,149,12416,#f80000
115,149,12417,#f80000
112,148,12418,#f80000
113,148,12419,#f80000
114,148,12420,#f80000
112,147,12421,#f80000
113,147,12422,#f80000
111,146,12423,#f80000
112,146,12424,#f80000
110,146,12425,#f80000
108,145,12426,#f80000
109,145,12427,#f80000
110,145,12428,#f80000
111,145,12429,#f80000
107,144,12430,#f80000
108,144,12431,#f80000
109,144,12432,#f80000
110,144,12433,#f80000
111,144,12434,#f80000
113,144,12435,#f80000
115,144,12436,#f80000
115,143,12437,#f80000
114,143,12438,#f80000
115,142,12439,#f80000
114,142,12440,#f80000
113,142,12441,#f80000
112,142,12442,#f80000
112,143,12443,#f80000
111,143,12444,#f80000
111,142,12445,#f80000
105,144,12446,#f80000
103,143,12447,#f80000
104,143,12448,#f80000
105,143,12449,#f80000
106,143,12450,#f80000
107,143,12451,#f89040
108,143,12452,#f80000
109,143,12453,#f80000
110,143,12454,#f80000
101,142,12455,#f80000
102,142,12456,#f80000
103,142,12457,#f80000
104,142,12458,#f80000
105,142,12459,#f80000
105,141,12460,#f80000
106,141,12461,#f80000
107,141,12462,#f89040
108,141,12463,#f80000
109,141,12464,#f80000
109,142,12465,#f80000
110,142,12466,#f80000
108,142,12467,#f89040
107,142,12468,#f80000
106,142,12469,#f89040
107,152,12470,#f80000
106,152,12471,#f80000
105,152,12472,#f80000
104,152,12473,#f80000
103,152,12474,#f80000
102,152,12475,#f80000
101,152,12476,#f80000
100,152,12477,#f80000
99,152,12478,#f80000
98,152,12479,#f80000
97,152,12480,#f80000
96,152,12481,#f80000
97,153,12482,#f80000
98,153,12483,#f80000
99,153,12484,#f80000
100,153,12485,#f80000
101,153,12486,#f80000
102,153,12487,#f80000
103,153,12488,#f80000
104,153,12489,#f80000
105,153,12490,#f80000
106,153,12491,#f80000
99,154,12492,#f80000
100,154,12493,#f80000
101,154,12494,#f80000
102,154,12495,#f80000
103,154,12496,#f80000
104,154,12497,#f80000
105,154,12498,#f80000
106,154,12499,#f80000
107,154,12500,#f80000
102,155,12501,#f80000
103,155,12502,#f80000
104,155,12503,#f80000
105,155,12504,#f80000
106,155,12505,#f80000
107,155,12506,#f80000
97,151,12507,#f80000
96,151,12508,#f80000
95,151,12509,#f80000
94,150,12510,#f80000
104,141,12511,#f80000
103,141,12512,#f80000
102,141,12513,#f80000
101,141,12514,#f80000
100,141,12515,#f80000
99,141,12516,#f80000
115,140,12517,#f80000
114,140,12518,#f80000
113,140,12519,#f80000
112,140,12520,#f80000
111,140,12521,#f80000
110,140,12522,#f80000
109,140,12523,#f80000
108,140,12524,#f80000
107,140,12525,#f80000
106,140,12526,#f80000
105,140,12527,#f80000
104,140,12528,#f80000
103,140,12529,#f80000
102,140,12530,#f80000
101,140,12531,#f80000
100,140,12532,#f80000
99,140,12533,#f80000
95,138,12534,#f80000
96,138,12535,#f80000
97,138,12536,#f80000
98,138,12537,#f80000
96,139,12538,#f80000
97,139,12539,#f80000
98,139,12540,#f80000
98,140,12541,#f80000
100,138,12542,#f80000
100,139,12543,#f80000
99,139,12544,#f80000
99,138,12545,#f80000
101,139,12546,#f80000
102,139,12547,#f80000
103,139,12548,#f80000
104,139,12549,#f80000
106,144,12550,#f80000
110,141,12551,#f80000
111,141,12552,#f80000
112,141,12553,#f80000
113,141,12554,#f80000
114,141,12555,#f80000
115,141,12556,#f80000
120,137,12557,#505050
114,136,12558,#000000
115,137,12559,#000000
116,138,12560,#000000
117,139,12561,#000000
119,140,12562,#000000
118,139,12563,#282828
117,138,12564,#282828
116,137,12565,#282828
115,136,12566,#282828
114,135,12567,#000000
113,134,12568,#000000
113,133,12569,#000000
112,132,12570,#000000
112,131,12571,#000000
111,130,12572,#000000
111,129,12573,#000000
111,128,12574,#000000
111,127,12575,#000000
111,126,12576,#000000
111,125,12577,#000000
111,124,12578,#000000
111,123,12579,#000000
111,122,12580,#000000
112,120,12581,#000000
112,119,12582,#000000
111,121,12583,#000000
113,118,12584,#000000
113,117,12585,#000000
112,123,12586,#000000
113,122,12587,#000000
115,121,12588,#000000
116,121,12589,#000000
117,121,12590,#000000
118,122,12591,#000000
119,122,12592,#000000
119,121,12593,#000000
120,122,12594,#000000
121,123,12595,#000000
122,123,12596,#000000
123,124,12597,#000000
124,124,12598,#000000
125,124,12599,#000000
126,124,12600,#000000
127,124,12601,#000000
123,125,12602,#000000
123,126,12603,#000000
123,127,12604,#000000
128,125,12605,#000000
129,125,12606,#000000
130,125,12607,#000000
131,125,12608,#000000
132,125,12609,#000000
133,124,12610,#000000
133,123,12611,#000000
133,122,12612,#000000
133,121,12613,#000000
133,120,12614,#000000
112,124,12615,#282828
113,123,12616,#282828
115,122,12617,#282828
116,122,12618,#282828
117,122,12619,#282828
117,123,12620,#282828
117,124,12621,#282828
118,124,12622,#282828
119,124,12623,#282828
118,123,12624,#282828
119,123,12625,#282828
120,123,12626,#282828
120,124,12627,#282828
121,124,12628,#282828
122,124,12629,#282828
122,125,12630,#282828
122,126,12631,#282828
122,127,12632,#282828
122,128,12633,#282828
122,129,12634,#282828
123,129,12635,#282828
115,135,12636,#505050
116,135,12637,#505050
116,136,12638,#505050
117,136,12639,#505050
118,136,12640,#505050
119,136,12641,#505050
117,137,12642,#505050
118,137,12643,#505050
119,137,12644,#505050
118,138,12645,#505050
119,138,12646,#505050
119,139,12647,#505050
114,123,12648,#505050
115,123,12649,#505050
116,123,12650,#505050
114,122,12651,#000000
112,125,12652,#505050
112,126,12653,#505050
112,127,12654,#505050
113,124,12655,#505050
113,125,12656,#505050
113,126,12657,#505050
114,124,12658,#505050
114,125,12659,#505050
115,124,12660,#505050
116,124,12661,#505050
118,125,12662,#e84000
119,125,12663,#e84000
120,125,12664,#e84000
121,125,12665,#e84000
118,126,12666,#e84000
119,126,12667,#e84000
120,126,12668,#e84000
121,126,12669,#e84000
118,127,12670,#e84000
119,127,12671,#e84000
120,127,12672,#e84000
121,127,12673,#e84000
119,128,12674,#e84000
119,129,12675,#e84000
119,130,12676,#e84000
118,128,12677,#e84000
118,129,12678,#e84000
118,130,12679,#e84000
117,125,12680,#e84000
117,126,12681,#e84000
117,127,12682,#e84000
120,128,12683,#e84000
120,129,12684,#e84000
120,130,12685,#e84000
121,128,12686,#e84000
121,129,12687,#e84000
121,130,12688,#e84000
118,135,12689,#e84000
112,128,12690,#f89840
112,129,12691,#f89840
112,130,12692,#f89840
113,127,12693,#f89840
113,128,12694,#f89840
113,129,12695,#f89840
113,130,12696,#f89840
113,131,12697,#f89840
114,133,12698,#f89840
114,132,12699,#f89840
114,131,12700,#f89840
114,130,12701,#f89840
114,129,12702,#f89840
114,128,12703,#f89840
114,127,12704,#f89840
114,126,12705,#f89840
115,125,12706,#f89840
115,126,12707,#f89840
115,127,12708,#f89840
115,128,12709,#f89840
115,129,12710,#f89840
115,130,12711,#f89840
115,131,12712,#f89840
115,132,12713,#f89840
115,133,12714,#f89840
115,134,12715,#f89840
117,135,12716,#f89840
117,134,12717,#f89840
117,133,12718,#f89840
117,132,12719,#f89840
116,132,12720,#f89840
116,131,12721,#f89840
116,130,12722,#f89840
116,129,12723,#f89840
116,128,12724,#f89840
117,128,12725,#f89840
117,129,12726,#f89840
117,130,12727,#f89840
117,131,12728,#f89840
116,133,12729,#f89840
116,134,12730,#f89840
116,127,12731,#f89840
116,126,12732,#f89840
116,125,12733,#f89840
118,131,12734,#f89840
114,134,12735,#e84000
113,132,12736,#e84000
117,140,12737,#f80000
116,139,12738,#f80000
115,138,12739,#f80000
114,137,12740,#f80000
113,136,12741,#f80000
113,135,12742,#f80000
112,134,12743,#f80000
112,133,12744,#f80000
111,132,12745,#f80000
111,131,12746,#f80000
110,130,12747,#f80000
110,129,12748,#f80000
110,128,12749,#f80000
110,127,12750,#f80000
110,126,12751,#f80000
110,125,12752,#f80000
110,124,12753,#f80000
110,123,12754,#f80000
110,122,12755,#f80000
110,121,12756,#f80000
110,120,12757,#f80000
111,120,12758,#f80000
112,121,12759,#e84000
114,121,12760,#e84000
113,119,12761,#e84000
115,120,12762,#e84000
116,120,12763,#e84000
117,120,12764,#e84000
118,121,12765,#e84000
118,120,12766,#e84000
117,119,12767,#e84000
118,118,12768,#e84000
118,117,12769,#e84000
121,122,12770,#e84000
120,121,12771,#e84000
123,123,12772,#e84000
124,123,12773,#e84000
125,123,12774,#e84000
126,123,12775,#e84000
127,123,12776,#e84000
127,122,12777,#e84000
128,120,12778,#e84000
129,120,12779,#e84000
130,120,12780,#e84000
131,120,12781,#e84000
132,120,12782,#e84000
129,121,12783,#e84000
130,121,12784,#e84000
131,121,12785,#e84000
132,121,12786,#e84000
128,121,12787,#e84000
128,122,12788,#e84000
128,123,12789,#e84000
128,124,12790,#e84000
129,122,12791,#e84000
130,122,12792,#e84000
131,122,12793,#e84000
132,122,12794,#e84000
129,123,12795,#e84000
130,123,12796,#e84000
131,123,12797,#e84000
132,123,12798,#e84000
129,124,12799,#e84000
130,124,12800,#e84000
131,124,12801,#e84000
132,124,12802,#e84000
124,125,12803,#f80000
124,126,12804,#f80000
124,127,12805,#f80000
125,125,12806,#f80000
126,125,12807,#f80000
127,125,12808,#f80000
128,126,12809,#f80000
129,126,12810,#f80000
130,126,12811,#f80000
131,126,12812,#f80000
132,126,12813,#f80000
133,125,12814,#f80000
134,124,12815,#f80000
134,123,12816,#f80000
134,122,12817,#f80000
134,121,12818,#f80000
134,120,12819,#f80000
114,116,12820,#000000
115,115,12821,#000000
116,115,12822,#000000
117,114,12823,#000000
118,114,12824,#000000
119,114,12825,#000000
120,114,12826,#000000
121,114,12827,#000000
122,115,12828,#000000
123,115,12829,#000000
124,115,12830,#000000
125,116,12831,#000000
126,114,12832,#000000
126,115,12833,#000000
126,116,12834,#000000
126,117,12835,#000000
127,117,12836,#000000
128,118,12837,#000000
125,112,12838,#000000
126,113,12839,#000000
125,111,12840,#000000
124,110,12841,#000000
123,109,12842,#000000
123,108,12843,#000000
123,107,12844,#000000
123,106,12845,#000000
123,105,12846,#000000
124,104,12847,#000000
125,104,12848,#000000
126,104,12849,#000000
127,104,12850,#000000
128,105,12851,#000000
129,105,12852,#000000
130,105,12853,#000000
131,105,12854,#000000
132,105,12855,#000000
134,106,12856,#000000
135,107,12857,#000000
135,108,12858,#000000
135,109,12859,#000000
135,110,12860,#000000
135,111,12861,#000000
134,111,12862,#000000
133,105,12863,#000000
133,110,12864,#000000
132,110,12865,#000000
132,111,12866,#000000
132,112,12867,#000000
132,113,12868,#000000
132,114,12869,#000000
132,115,12870,#000000
133,119,12871,#000000
133,118,12872,#000000
133,117,12873,#000000
133,116,12874,#000000
134,119,12875,#f80000
134,118,12876,#f80000
134,117,12877,#f80000
134,116,12878,#f80000
133,114,12879,#f80000
133,113,12880,#f80000
133,112,12881,#f80000
133,111,12882,#f80000
134,112,12883,#f80000
135,112,12884,#f80000
135,106,12885,#f80000
134,105,12886,#f80000
128,104,12887,#f80000
129,104,12888,#f80000
130,104,12889,#f80000
131,104,12890,#f80000
132,104,12891,#f80000
133,104,12892,#f80000
127,103,12893,#f80000
126,103,12894,#f80000
125,103,12895,#f80000
124,103,12896,#f80000
123,103,12897,#f80000
123,104,12898,#f80000
122,103,12899,#f80000
122,104,12900,#f80000
122,105,12901,#f80000
122,106,12902,#f80000
122,107,12903,#f80000
122,108,12904,#f80000
122,109,12905,#f80000
122,110,12906,#f80000
123,110,12907,#f80000
123,111,12908,#f80000
124,111,12909,#f80000
124,112,12910,#f80000
125,113,12911,#f80000
125,114,12912,#f80000
125,115,12913,#f80000
124,114,12914,#f80000
123,114,12915,#f80000
122,114,12916,#f80000
122,113,12917,#f80000
121,113,12918,#f80000
120,113,12919,#f80000
119,113,12920,#f80000
118,113,12921,#f80000
117,113,12922,#f80000
116,113,12923,#f80000
116,114,12924,#f80000
115,114,12925,#f80000
114,114,12926,#f80000
114,115,12927,#f80000
113,115,12928,#f80000
113,116,12929,#f80000
112,116,12930,#f80000
112,117,12931,#f80000
112,118,12932,#f80000
111,118,12933,#f80000
111,119,12934,#f80000
131,110,12935,#000000
130,110,12936,#000000
128,106,12937,#282828
128,107,12938,#282828
128,108,12939,#282828
128,109,12940,#282828
129,109,12941,#282828
130,109,12942,#282828
131,109,12943,#282828
131,108,12944,#282828
130,108,12945,#282828
129,108,12946,#282828
129,107,12947,#282828
129,106,12948,#282828
130,106,12949,#282828
131,106,12950,#282828
131,107,12951,#282828
130,107,12952,#282828
132,106,12953,#282828
133,106,12954,#282828
132,107,12955,#282828
133,107,12956,#282828
134,107,12957,#282828
132,108,12958,#f89840
132,109,12959,#f89840
133,108,12960,#f89840
134,108,12961,#f89840
133,109,12962,#f8c880
134,110,12963,#d86020
134,109,12964,#d86020
127,109,12965,#282828
129,110,12966,#282828
128,110,12967,#282828
127,110,12968,#282828
127,108,12969,#505050
127,107,12970,#505050
127,106,12971,#505050
127,105,12972,#505050
126,109,12973,#505050
126,110,12974,#505050
124,109,12975,#505050
124,108,12976,#505050
124,107,12977,#505050
124,106,12978,#505050
124,105,12979,#505050
125,109,12980,#a0a0a0
125,108,12981,#a0a0a0
125,107,12982,#a0a0a0
125,106,12983,#a0a0a0
125,105,12984,#a0a0a0
126,105,12985,#a0a0a0
126,106,12986,#a0a0a0
126,107,12987,#a0a0a0
126,108,12988,#a0a0a0
125,110,12989,#a0a0a0
126,111,12990,#f89840
126,112,12991,#f89840
127,112,12992,#f89840
127,111,12993,#f89840
127,113,12994,#f89840
127,114,12995,#f89840
127,115,12996,#e84000
127,116,12997,#e84000
128,111,12998,#e84000
129,111,12999,#e84000
130,111,13000,#e84000
131,111,13001,#e84000
128,112,13002,#e84000
129,112,13003,#e84000
130,112,13004,#e84000
131,112,13005,#e84000
131,113,13006,#e84000
131,114,13007,#e84000
131,115,13008,#e84000
131,116,13009,#e84000
131,117,13010,#e84000
131,118,13011,#e84000
131,119,13012,#e84000
130,119,13013,#e84000
129,119,13014,#e84000
128,119,13015,#e84000
130,118,13016,#e84000
130,117,13017,#e84000
130,116,13018,#e84000
130,115,13019,#e84000
130,114,13020,#e84000
130,113,13021,#e84000
129,113,13022,#e84000
128,113,13023,#e84000
128,114,13024,#e84000
128,115,13025,#e84000
128,116,13026,#e84000
128,117,13027,#e84000
129,117,13028,#e84000
129,118,13029,#e84000
129,116,13030,#e84000
129,115,13031,#e84000
129,114,13032,#e84000
132,119,13033,#e84000
132,118,13034,#e84000
132,117,13035,#e84000
132,116,13036,#e84000
127,118,13037,#e84000
127,119,13038,#e84000
127,120,13039,#e84000
126,119,13040,#e84000
126,118,13041,#e84000
125,118,13042,#e84000
125,117,13043,#e84000
124,118,13044,#e84000
124,117,13045,#e84000
124,116,13046,#e84000
123,117,13047,#e84000
123,116,13048,#e84000
122,116,13049,#e84000
121,115,13050,#e84000
120,115,13051,#e84000
119,115,13052,#e84000
117,115,13053,#e84000
115,116,13054,#e84000
114,117,13055,#e84000
127,121,13056,#f89840
126,121,13057,#f89840
125,121,13058,#f89840
124,121,13059,#f89840
123,121,13060,#f89840
122,121,13061,#f89840
121,121,13062,#f89840
125,122,13063,#f89840
124,122,13064,#f89840
123,122,13065,#f89840
122,122,13066,#f89840
126,122,13067,#f89840
125,120,13068,#f89840
126,120,13069,#f89840
124,120,13070,#f89840
123,120,13071,#f89840
122,120,13072,#f89840
121,120,13073,#f89840
120,120,13074,#f89840
119,120,13075,#f89840
118,119,13076,#f89840
119,119,13077,#f89840
120,119,13078,#f89840
121,119,13079,#f89840
122,119,13080,#f89840
123,119,13081,#f89840
124,119,13082,#f89840
125,119,13083,#f89840
119,118,13084,#f89840
120,118,13085,#f89840
121,118,13086,#f89840
122,118,13087,#f89840
123,118,13088,#f89840
119,117,13089,#f89840
120,117,13090,#f89840
121,117,13091,#f89840
122,117,13092,#f89840
116,116,13093,#f89840
117,116,13094,#f89840
118,116,13095,#f89840
119,116,13096,#f89840
120,116,13097,#f89840
121,116,13098,#f89840
118,115,13099,#f89840
117,117,13100,#f89840
116,117,13101,#f89840
115,117,13102,#f89840
117,118,13103,#f89840
116,118,13104,#f89840
115,118,13105,#f89840
114,118,13106,#f89840
116,119,13107,#f89840
115,119,13108,#f89840
114,119,13109,#f89840
114,120,13110,#f89840
113,120,13111,#f89840
113,121,13112,#f89840
112,122,13113,#f89840
109,119,13114,#f80000
110,119,13115,#f80000
111,113,13116,#f80000
110,113,13117,#f80000
109,113,13118,#f80000
109,112,13119,#f80000
110,112,13120,#f80000
109,114,13121,#f80000
109,115,13122,#f80000
109,116,13123,#f80000
109,117,13124,#f80000
109,118,13125,#f80000
110,118,13126,#f80000
110,117,13127,#f80000
110,116,13128,#f80000
110,115,13129,#f80000
110,114,13130,#f80000
111,114,13131,#f80000
111,115,13132,#f80000
111,116,13133,#f80000
111,117,13134,#f80000
111,105,13135,#f80000
111,104,13136,#f80000
110,104,13137,#f80000
110,105,13138,#f80000
110,106,13139,#f80000
110,107,13140,#f80000
110,108,13141,#f80000
110,109,13142,#f80000
110,110,13143,#f80000
110,111,13144,#f80000
109,111,13145,#f80000
109,110,13146,#f80000
109,109,13147,#f80000
109,108,13148,#f80000
109,107,13149,#f80000
109,106,13150,#f80000
109,105,13151,#f80000
109,104,13152,#f80000
108,117,13153,#f80000
107,117,13154,#f80000
106,117,13155,#f80000
105,116,13156,#f80000
104,116,13157,#f80000
103,115,13158,#f80000
102,115,13159,#f80000
106,116,13160,#f89040
104,115,13161,#f89040
103,114,13162,#f89040
102,113,13163,#f89040
101,112,13164,#f89040
101,111,13165,#f89040
100,110,13166,#f89040
99,109,13167,#f89040
100,112,13168,#f8c880
99,111,13169,#f8c880
99,113,13170,#f8c880
98,112,13171,#f8c880
95,118,13172,#f89040
94,117,13173,#f89040
94,119,13174,#f89040
93,118,13175,#f89040
102,114,13176,#f80000
101,113,13177,#f80000
101,114,13178,#f80000
100,113,13179,#f80000
100,114,13180,#f80000
99,114,13181,#f80000
98,113,13182,#f80000
98,114,13183,#f80000
98,115,13184,#f80000
97,112,13185,#f80000
97,113,13186,#f80000
97,114,13187,#f80000
97,115,13188,#f80000
97,116,13189,#f80000
97,117,13190,#f80000
96,112,13191,#f80000
96,113,13192,#f80000
96,114,13193,#f80000
96,115,13194,#f80000
96,116,13195,#f80000
96,117,13196,#f80000
96,118,13197,#f80000
96,119,13198,#f80000
95,119,13199,#f80000
95,117,13200,#f80000
94,118,13201,#f80000
100,111,13202,#f80000
99,112,13203,#f80000
105,115,13204,#f80000
106,115,13205,#f80000
107,115,13206,#f80000
107,116,13207,#f80000
108,116,13208,#f80000
108,115,13209,#f80000
104,114,13210,#f80000
105,114,13211,#f80000
106,114,13212,#f80000
107,114,13213,#f80000
108,114,13214,#f80000
103,113,13215,#f80000
104,113,13216,#f80000
105,113,13217,#f80000
106,113,13218,#f80000
107,113,13219,#f80000
108,113,13220,#f89040
102,112,13221,#f80000
103,112,13222,#f80000
104,112,13223,#f80000
105,112,13224,#f80000
106,112,13225,#f80000
107,112,13226,#f80000
108,112,13227,#f89040
95,120,13228,#f80000
94,120,13229,#f80000
94,121,13230,#f80000
93,121,13231,#f80000
93,120,13232,#f80000
93,119,13233,#f80000
92,118,13234,#f80000
92,119,13235,#f80000
92,120,13236,#f80000
92,121,13237,#f80000
92,122,13238,#f80000
91,122,13239,#f80000
91,123,13240,#f80000
90,123,13241,#f80000
89,123,13242,#f80000
88,123,13243,#f80000
87,123,13244,#f80000
87,122,13245,#f80000
87,121,13246,#f80000
87,120,13247,#f80000
87,119,13248,#f80000
89,118,13249,#f80000
90,118,13250,#f80000
91,118,13251,#f80000
91,119,13252,#f80000
91,120,13253,#f80000
90,120,13254,#f80000
90,121,13255,#f80000
90,122,13256,#f80000
91,121,13257,#f80000
89,121,13258,#f80000
89,122,13259,#f80000
88,122,13260,#f80000
88,121,13261,#f80000
88,120,13262,#f80000
88,119,13263,#f80000
89,119,13264,#f80000
90,119,13265,#f80000
89,120,13266,#f80000
91,117,13267,#f80000
91,116,13268,#f80000
92,116,13269,#f80000
92,117,13270,#f80000
93,117,13271,#f80000
93,116,13272,#f80000
94,116,13273,#f80000
95,116,13274,#f80000
93,115,13275,#f80000
92,115,13276,#f80000
92,114,13277,#f80000
93,114,13278,#f80000
94,115,13279,#f80000
95,115,13280,#f80000
95,114,13281,#f80000
94,114,13282,#f80000
93,113,13283,#f80000
93,112,13284,#f80000
94,112,13285,#f80000
95,112,13286,#f80000
95,113,13287,#f80000
94,113,13288,#f80000
94,111,13289,#f80000
95,110,13290,#f80000
96,110,13291,#f80000
96,111,13292,#f80000
95,111,13293,#f80000
97,111,13294,#f80000
98,111,13295,#f80000
97,110,13296,#f80000
98,110,13297,#f80000
99,110,13298,#f80000
86,119,13299,#f80000
86,118,13300,#f80000
85,118,13301,#f80000
85,119,13302,#f80000
85,120,13303,#f80000
85,121,13304,#f80000
86,122,13305,#f80000
86,121,13306,#f80000
86,120,13307,#f80000
84,120,13308,#f80000
84,119,13309,#f80000
84,118,13310,#f80000
84,117,13311,#f80000
83,117,13312,#f80000
82,117,13313,#f80000
82,118,13314,#f80000
83,118,13315,#f80000
83,119,13316,#f80000
82,116,13317,#f80000
82,115,13318,#f80000
100,109,13319,#f80000
101,109,13320,#f80000
102,109,13321,#f80000
103,109,13322,#f80000
104,109,13323,#f80000
105,109,13324,#f80000
108,109,13325,#f80000
101,110,13326,#f80000
102,110,13327,#f80000
103,110,13328,#f80000
104,110,13329,#f80000
105,110,13330,#f80000
106,110,13331,#f80000
107,110,13332,#f89040
108,110,13333,#f80000
102,111,13334,#f80000
103,111,13335,#f80000
104,111,13336,#f80000
105,111,13337,#f80000
106,111,13338,#f80000
107,111,13339,#f89040
107,109,13340,#f89040
106,108,13341,#f89040
106,107,13342,#f89040
106,106,13343,#f89040
106,105,13344,#f89040
106,104,13345,#f89040
106,103,13346,#f89040
106,109,13347,#f80000
108,111,13348,#f80000
108,107,13349,#f80000
108,108,13350,#f80000
108,106,13351,#f80000
108,105,13352,#f80000
108,104,13353,#f80000
107,104,13354,#f80000
107,105,13355,#f80000
107,106,13356,#f80000
107,107,13357,#f80000
107,108,13358,#f80000
105,108,13359,#f80000
104,108,13360,#f80000
104,107,13361,#f80000
104,106,13362,#f80000
104,105,13363,#f80000
103,108,13364,#f80000
103,107,13365,#f80000
103,106,13366,#f80000
103,105,13367,#f80000
103,104,13368,#f80000
103,103,13369,#f80000
103,102,13370,#f80000
103,101,13371,#f8c880
103,100,13372,#f8c880
102,99,13373,#f8c880
101,99,13374,#f8c880
100,100,13375,#f8c880
100,101,13376,#f8c880
101,102,13377,#f8c880
102,102,13378,#f8c880
102,103,13379,#f80000
102,104,13380,#f80000
102,105,13381,#f80000
102,106,13382,#f80000
102,107,13383,#f80000
102,108,13384,#f80000
101,103,13385,#f80000
101,104,13386,#f80000
101,105,13387,#f80000
101,106,13388,#f80000
101,107,13389,#f80000
101,108,13390,#f80000
100,108,13391,#f80000
99,108,13392,#f80000
98,108,13393,#f80000
98,107,13394,#f80000
97,107,13395,#f80000
97,106,13396,#f80000
97,105,13397,#f80000
97,104,13398,#f80000
97,103,13399,#f80000
97,102,13400,#f80000
97,101,13401,#f80000
97,100,13402,#f80000
97,99,13403,#f80000
96,98,13404,#f80000
96,97,13405,#f80000
96,96,13406,#f80000
97,98,13407,#f80000
97,97,13408,#f80000
97,96,13409,#f80000
98,96,13410,#f80000
98,97,13411,#f80000
98,98,13412,#f80000
98,99,13413,#f80000
98,100,13414,#f80000
98,101,13415,#f80000
98,102,13416,#f80000
98,103,13417,#f80000
98,104,13418,#f80000
98,105,13419,#f80000
98,106,13420,#f80000
99,95,13421,#f80000
99,96,13422,#f80000
99,97,13423,#f80000
99,98,13424,#f80000
99,99,13425,#f80000
99,100,13426,#f80000
99,101,13427,#f80000
99,102,13428,#f80000
99,103,13429,#f80000
99,104,13430,#f80000
99,105,13431,#f80000
99,106,13432,#f80000
99,107,13433,#f80000
100,102,13434,#f80000
100,103,13435,#f80000
100,104,13436,#f80000
100,105,13437,#f80000
100,106,13438,#f80000
100,107,13439,#f80000
102,100,13440,#f80000
101,100,13441,#f80000
101,101,13442,#f80000
102,101,13443,#f80000
103,99,13444,#f80000
102,98,13445,#f80000
102,97,13446,#f80000
102,96,13447,#f80000
102,95,13448,#f80000
101,95,13449,#f80000
100,95,13450,#f80000
100,96,13451,#f80000
100,97,13452,#f80000
101,97,13453,#f80000
100,99,13454,#f80000
100,98,13455,#f80000
101,98,13456,#f80000
101,96,13457,#f80000
107,102,13458,#f89040
107,101,13459,#f89040
107,103,13460,#f80000
108,103,13461,#f80000
109,103,13462,#f80000
110,103,13463,#f80000
111,103,13464,#f80000
112,103,13465,#f80000
112,102,13466,#f80000
113,102,13467,#f80000
113,101,13468,#f80000
114,101,13469,#f80000
114,100,13470,#f80000
114,99,13471,#f80000
115,99,13472,#f80000
115,98,13473,#f80000
115,97,13474,#f80000
116,97,13475,#f80000
116,96,13476,#f80000
116,95,13477,#f80000
117,95,13478,#f80000
108,100,13479,#f80000
108,99,13480,#f80000
108,98,13481,#f80000
108,97,13482,#f80000
109,97,13483,#f80000
109,96,13484,#f80000
109,95,13485,#f80000
101,94,13486,#f80000
101,93,13487,#f80000
100,92,13488,#f80000
100,93,13489,#f80000
100,94,13490,#f80000
99,92,13491,#f80000
99,93,13492,#f80000
99,94,13493,#f80000
98,91,13494,#f80000
98,92,13495,#f80000
98,93,13496,#f80000
98,94,13497,#f80000
98,95,13498,#f80000
97,91,13499,#f80000
97,92,13500,#f80000
97,93,13501,#f80000
97,94,13502,#f80000
97,95,13503,#f80000
96,91,13504,#f80000
96,92,13505,#f80000
96,93,13506,#f80000
96,94,13507,#f80000
96,95,13508,#f80000
95,91,13509,#f80000
95,92,13510,#f80000
95,93,13511,#f80000
95,94,13512,#f80000
95,95,13513,#f80000
95,96,13514,#f80000
94,95,13515,#f80000
94,96,13516,#f80000
94,94,13517,#f80000
94,93,13518,#f80000
94,92,13519,#f80000
94,91,13520,#f80000
94,90,13521,#f80000
93,90,13522,#f80000
92,90,13523,#f80000
91,90,13524,#f80000
90,90,13525,#f80000
89,90,13526,#f80000
88,90,13527,#f80000
88,91,13528,#f80000
90,91,13529,#f80000
91,91,13530,#f80000
92,91,13531,#f80000
93,91,13532,#f80000
88,92,13533,#f80000
88,93,13534,#f80000
88,94,13535,#f80000
92,92,13536,#f80000
93,92,13537,#f80000
91,92,13538,#f80000
92,93,13539,#f80000
93,93,13540,#f80000
93,94,13541,#f80000
93,95,13542,#f80000
89,94,13543,#f89040
90,93,13544,#f89040
91,94,13545,#f89040
92,95,13546,#f89040
91,95,13547,#f80000
92,94,13548,#f80000
91,93,13549,#f80000
90,92,13550,#f80000
89,92,13551,#f80000
89,91,13552,#f80000
89,93,13553,#f80000
90,94,13554,#f80000
87,91,13555,#f80000
87,92,13556,#f80000
87,93,13557,#f80000
87,94,13558,#f80000
87,95,13559,#f80000
86,91,13560,#f80000
86,92,13561,#f80000
86,93,13562,#f80000
86,94,13563,#f80000
86,95,13564,#f80000
86,96,13565,#f80000
85,93,13566,#f80000
85,94,13567,#f80000
85,95,13568,#f80000
85,96,13569,#f80000
85,97,13570,#f80000
84,93,13571,#f80000
84,94,13572,#f80000
84,95,13573,#f80000
84,96,13574,#f80000
84,97,13575,#f80000
82,95,13576,#f80000
83,95,13577,#f80000
83,96,13578,#f80000
82,96,13579,#f80000
82,97,13580,#f80000
83,97,13581,#f80000
83,98,13582,#f80000
82,98,13583,#f80000
81,96,13584,#f80000
81,97,13585,#f80000
81,98,13586,#f80000
81,99,13587,#f80000
80,98,13588,#f80000
80,99,13589,#f80000
80,100,13590,#f80000
79,99,13591,#f80000
79,100,13592,#f80000
79,101,13593,#f80000
78,101,13594,#f80000
78,102,13595,#f80000
77,102,13596,#f80000
77,103,13597,#f80000
76,103,13598,#f80000
108,102,13599,#f80000
108,101,13600,#f80000
109,100,13601,#f80000
109,101,13602,#f80000
110,101,13603,#f80000
110,102,13604,#f80000
109,102,13605,#f80000
110,100,13606,#f80000
110,99,13607,#f80000
110,98,13608,#f80000
110,97,13609,#f80000
109,98,13610,#f80000
110,95,13611,#f80000
110,96,13612,#f80000
111,96,13613,#f80000
112,96,13614,#f80000
113,96,13615,#f80000
114,96,13616,#f80000
115,96,13617,#f80000
115,95,13618,#f80000
114,95,13619,#f80000
113,95,13620,#f80000
112,97,13621,#f80000
113,97,13622,#f80000
114,97,13623,#f80000
111,98,13624,#f80000
112,98,13625,#f80000
111,97,13626,#f80000
113,98,13627,#f80000
114,98,13628,#f80000
112,99,13629,#f80000
113,99,13630,#f80000
112,100,13631,#f80000
111,100,13632,#f80000
111,101,13633,#f80000
111,102,13634,#f80000
112,101,13635,#f80000
113,100,13636,#f80000
111,99,13637,#f80000
109,99,13638,#f80000
111,95,13639,#f80000
112,95,13640,#f80000
110,94,13641,#f80000
110,93,13642,#f80000
111,91,13643,#f80000
109,90,13644,#f80000
108,89,13645,#f80000
107,88,13646,#f80000
106,88,13647,#f80000
105,89,13648,#f80000
104,89,13649,#f80000
103,90,13650,#f80000
102,90,13651,#f80000
101,90,13652,#f80000
100,90,13653,#f80000
100,89,13654,#f80000
99,89,13655,#f80000
98,88,13656,#f80000
98,89,13657,#f80000
97,89,13658,#f80000
96,88,13659,#f80000
97,88,13660,#f80000
99,88,13661,#f80000
100,88,13662,#f80000
101,88,13663,#f80000
102,88,13664,#f80000
103,88,13665,#f80000
101,89,13666,#f80000
102,89,13667,#f80000
103,89,13668,#f80000
103,87,13669,#f80000
104,87,13670,#f80000
105,87,13671,#f80000
106,87,13672,#f80000
105,88,13673,#f80000
104,88,13674,#f80000
117,94,13675,#f80000
117,93,13676,#f80000
117,92,13677,#f80000
116,91,13678,#f80000
116,90,13679,#f80000
115,88,13680,#f80000
116,89,13681,#f80000
117,91,13682,#f80000
115,89,13683,#f80000
115,90,13684,#f80000
115,91,13685,#f80000
115,92,13686,#f80000
115,93,13687,#f80000
115,94,13688,#f80000
116,92,13689,#f80000
116,93,13690,#f80000
116,94,13691,#f80000
112,92,13692,#f8c880
113,93,13693,#f8c880
114,92,13694,#f8c880
113,91,13695,#f8c880
114,94,13696,#f80000
114,93,13697,#f80000
113,94,13698,#f80000
111,94,13699,#f80000
111,93,13700,#f80000
111,92,13701,#f80000
112,93,13702,#f80000
112,94,13703,#f80000
110,91,13704,#f80000
113,92,13705,#f80000
114,91,13706,#f80000
114,90,13707,#f80000
114,89,13708,#f80000
114,88,13709,#f80000
114,87,13710,#f80000
114,86,13711,#f80000
113,85,13712,#f80000
113,86,13713,#f80000
113,87,13714,#f80000
113,88,13715,#f80000
113,89,13716,#f80000
113,90,13717,#f80000
112,91,13718,#f80000
112,85,13719,#f80000
112,86,13720,#f80000
112,87,13721,#f80000
112,88,13722,#f80000
112,89,13723,#f80000
112,90,13724,#f80000
111,90,13725,#f80000
111,89,13726,#f80000
111,88,13727,#f80000
111,87,13728,#f80000
111,86,13729,#f80000
111,85,13730,#f80000
111,84,13731,#f80000
110,90,13732,#f80000
110,89,13733,#f80000
110,88,13734,#f80000
110,87,13735,#f80000
110,86,13736,#f80000
110,85,13737,#f80000
110,84,13738,#f80000
109,84,13739,#f80000
108,84,13740,#f80000
107,84,13741,#f80000
106,84,13742,#f80000
105,84,13743,#f80000
104,85,13744,#f80000
104,86,13745,#f80000
105,86,13746,#f80000
106,86,13747,#f80000
107,86,13748,#f80000
106,85,13749,#f80000
105,85,13750,#f80000
107,85,13751,#f80000
108,85,13752,#f80000
109,85,13753,#f80000
109,86,13754,#f80000
108,86,13755,#f80000
109,87,13756,#f80000
108,87,13757,#f80000
107,87,13758,#f80000
109,88,13759,#f80000
108,88,13760,#f80000
109,89,13761,#f80000
95,87,13762,#f80000
95,86,13763,#f80000
96,85,13764,#f80000
108,153,13765,#f89040
109,154,13766,#f89040
110,153,13767,#f89040
109,152,13768,#f89040
