141,118,1762681,#000000
141,117,1762682,#000000
141,116,1762683,#000000
141,115,1762684,#000000
141,114,1762685,#000000
141,113,1762686,#000000
141,112,1762687,#000000
141,111,1762688,#000000
140,112,1762689,#000000
140,113,1762690,#000000
140,114,1762691,#000000
140,115,1762692,#000000
140,116,1762693,#000000
140,117,1762694,#000000
140,118,1762695,#000000
140,119,1762696,#000000
139,119,1762697,#000000
139,118,1762698,#000000
141,110,1762699,#000000
140,110,1762700,#000000
140,111,1762701,#000000
139,110,1762702,#000000
138,111,1762703,#000000
137,111,1762704,#000000
137,112,1762705,#000000
136,112,1762706,#000000
135,112,1762707,#000000
138,119,1762708,#000000
137,119,1762709,#000000
136,119,1762710,#000000
135,113,1762711,#000000
134,113,1762712,#000000
133,113,1762713,#000000
132,113,1762714,#000000
131,113,1762715,#000000
130,114,1762716,#000000
129,114,1762717,#000000
128,114,1762718,#000000
137,113,1762719,#282828
137,114,1762720,#a0a0a0
137,116,1762721,#a0a0a0
137,117,1762722,#282828
137,118,1762723,#000000
138,118,1762724,#000000
138,117,1762725,#000000
137,115,1762726,#a0a0a0
135,119,1762727,#000000
134,119,1762728,#000000
133,119,1762729,#000000
135,117,1762730,#282828
135,118,1762731,#000000
134,117,1762732,#000000
134,118,1762733,#000000
133,120,1762734,#000000
133,121,1762735,#000000
133,122,1762736,#000000
132,122,1762737,#000000
131,122,1762738,#000000
130,123,1762739,#000000
129,123,1762740,#000000
128,123,1762741,#000000
127,124,1762742,#000000
126,124,1762743,#000000
125,124,1762744,#000000
124,125,1762745,#000000
123,125,1762746,#000000
122,125,1762747,#000000
121,126,1762748,#000000
120,126,1762749,#000000
119,127,1762750,#000000
118,127,1762751,#000000
117,127,1762752,#000000
127,115,1762753,#000000
126,115,1762754,#000000
125,115,1762755,#000000
124,116,1762756,#000000
123,116,1762757,#000000
122,116,1762758,#000000
121,117,1762759,#000000
120,117,1762760,#000000
119,117,1762761,#000000
134,114,1762762,#282828
135,114,1762763,#282828
133,114,1762764,#000000
134,115,1762765,#505050
135,115,1762766,#a0a0a0
136,113,1762767,#282828
136,114,1762768,#a0a0a0
136,115,1762769,#a0a0a0
136,116,1762770,#a0a0a0
136,117,1762771,#282828
136,118,1762772,#000000
135,116,1762773,#505050
134,116,1762774,#505050
118,118,1762775,#000000
116,118,1762776,#000000
117,118,1762777,#000000
115,119,1762778,#000000
114,119,1762779,#000000
113,119,1762780,#000000
116,128,1762781,#000000
117,128,1762782,#000000
118,128,1762783,#000000
119,128,1762784,#000000
124,128,1762785,#000000
123,128,1762786,#000000
122,128,1762787,#000000
121,128,1762788,#000000
120,128,1762789,#000000
125,129,1762790,#000000
132,129,1762791,#000000
131,129,1762792,#000000
130,129,1762793,#000000
129,129,1762794,#000000
128,129,1762795,#000000
127,129,1762796,#000000
126,129,1762797,#000000
132,130,1762798,#000000
133,131,1762799,#000000
134,131,1762800,#000000
135,131,1762801,#000000
136,131,1762802,#000000
137,131,1762803,#000000
138,131,1762804,#000000
139,131,1762805,#000000
139,132,1762806,#000000
139,133,1762807,#000000
140,134,1762808,#000000
140,135,1762809,#000000
140,137,1762810,#000000
140,136,1762811,#000000
140,138,1762812,#000000
140,139,1762813,#000000
140,140,1762814,#000000
139,140,1762815,#000000
139,141,1762816,#000000
138,141,1762817,#000000
139,134,1762818,#000000
139,135,1762819,#000000
139,136,1762820,#000000
139,137,1762821,#000000
139,138,1762822,#000000
139,139,1762823,#000000
138,135,1762824,#000000
137,135,1762825,#000000
136,135,1762826,#282828
136,134,1762827,#282828
136,133,1762828,#000000
136,132,1762829,#000000
137,132,1762830,#000000
137,133,1762831,#000000
138,133,1762832,#000000
138,134,1762833,#000000
137,134,1762834,#000000
138,132,1762835,#000000
137,140,1762836,#000000
136,139,1762837,#000000
135,138,1762838,#000000
134,137,1762839,#000000
133,136,1762840,#000000
132,135,1762841,#000000
136,136,1762842,#282828
136,137,1762843,#282828
136,138,1762844,#282828
133,132,1762845,#000000
133,133,1762846,#000000
133,134,1762847,#000000
133,135,1762848,#000000
135,133,1762849,#000000
134,133,1762850,#000000
134,132,1762851,#000000
135,132,1762852,#000000
131,136,1762853,#000000
130,136,1762854,#000000
129,136,1762855,#000000
128,136,1762856,#000000
125,136,1762857,#000000
126,136,1762858,#000000
127,136,1762859,#000000
124,135,1762860,#000000
123,135,1762861,#000000
122,135,1762862,#000000
121,135,1762863,#000000
120,135,1762864,#000000
119,135,1762865,#000000
118,135,1762866,#000000
117,135,1762867,#000000
116,135,1762868,#000000
115,135,1762869,#000000
114,135,1762870,#000000
113,135,1762871,#000000
112,135,1762872,#000000
111,135,1762873,#000000
110,135,1762874,#000000
109,135,1762875,#000000
108,135,1762876,#000000
107,135,1762877,#000000
106,135,1762878,#000000
105,135,1762879,#000000
104,135,1762880,#000000
115,129,1762881,#000000
114,130,1762882,#000000
114,131,1762883,#000000
113,129,1762884,#000000
112,129,1762885,#000000
111,129,1762886,#000000
112,120,1762887,#000000
111,120,1762888,#000000
110,120,1762889,#000000
109,120,1762890,#000000
108,120,1762891,#000000
107,120,1762892,#000000
106,120,1762893,#000000
105,120,1762894,#000000
104,120,1762895,#000000
110,121,1762896,#000000
110,122,1762897,#000000
110,123,1762898,#000000
110,124,1762899,#000000
110,125,1762900,#000000
110,126,1762901,#000000
110,127,1762902,#000000
110,128,1762903,#000000
110,129,1762904,#000000
110,130,1762905,#000000
110,131,1762906,#000000
110,132,1762907,#000000
110,133,1762908,#000000
110,134,1762909,#000000
109,121,1762910,#000000
109,122,1762911,#000000
109,123,1762912,#000000
109,124,1762913,#000000
109,125,1762914,#000000
109,126,1762915,#000000
109,127,1762916,#000000
109,128,1762917,#000000
109,129,1762918,#000000
109,130,1762919,#000000
109,131,1762920,#000000
109,132,1762921,#000000
109,133,1762922,#000000
109,134,1762923,#000000
108,121,1762924,#000000
108,122,1762925,#000000
108,123,1762926,#000000
108,124,1762927,#000000
108,130,1762928,#000000
108,131,1762929,#000000
108,132,1762930,#000000
108,133,1762931,#000000
108,134,1762932,#000000
108,129,1762933,#000000
108,128,1762934,#000000
108,127,1762935,#000000
108,126,1762936,#000000
108,125,1762937,#000000
107,121,1762938,#000000
107,122,1762939,#000000
107,123,1762940,#000000
107,134,1762941,#000000
107,133,1762942,#000000
107,132,1762943,#000000
107,124,1762944,#000000
107,125,1762945,#000000
107,126,1762946,#000000
107,127,1762947,#000000
107,128,1762948,#000000
107,129,1762949,#000000
107,130,1762950,#000000
107,131,1762951,#000000
106,131,1762952,#000000
106,130,1762953,#000000
106,129,1762954,#000000
105,129,1762955,#282828
105,130,1762956,#282828
105,131,1762957,#282828
103,130,1762958,#000000
103,129,1762959,#000000
103,128,1762960,#000000
102,128,1762961,#000000
102,129,1762962,#000000
102,130,1762963,#000000
103,121,1762964,#000000
103,120,1762965,#000000
103,119,1762966,#000000
103,118,1762967,#000000
102,118,1762968,#000000
102,119,1762969,#000000
102,120,1762970,#000000
102,121,1762971,#000000
104,118,1762972,#000000
104,117,1762973,#000000
105,117,1762974,#000000
101,119,1762975,#000000
101,120,1762976,#000000
101,121,1762977,#000000
100,119,1762978,#000000
100,120,1762979,#000000
99,120,1762980,#000000
99,119,1762981,#000000
99,118,1762982,#000000
99,117,1762983,#000000
99,116,1762984,#000000
99,115,1762985,#000000
99,114,1762986,#000000
100,115,1762987,#000000
100,116,1762988,#000000
98,114,1762989,#000000
98,113,1762990,#000000
97,113,1762991,#000000
97,114,1762992,#000000
96,113,1762993,#000000
96,112,1762994,#000000
95,112,1762995,#000000
94,111,1762996,#000000
93,111,1762997,#000000
92,110,1762998,#000000
91,110,1762999,#000000
90,110,1763000,#000000
90,109,1763001,#000000
92,111,1763002,#000000
94,112,1763003,#000000
89,109,1763004,#000000
88,108,1763005,#000000
87,108,1763006,#000000
86,108,1763007,#000000
85,109,1763008,#000000
84,109,1763009,#000000
83,110,1763010,#000000
83,111,1763011,#000000
82,112,1763012,#000000
82,113,1763013,#000000
82,114,1763014,#000000
82,115,1763015,#000000
82,116,1763016,#000000
83,115,1763017,#000000
84,115,1763018,#000000
85,114,1763019,#000000
85,115,1763020,#000000
85,116,1763021,#000000
86,116,1763022,#000000
87,116,1763023,#000000
88,115,1763024,#000000
88,114,1763025,#000000
87,113,1763026,#000000
86,113,1763027,#000000
89,115,1763028,#000000
90,115,1763029,#000000
91,115,1763030,#000000
92,115,1763031,#000000
92,116,1763032,#000000
92,117,1763033,#000000
92,118,1763034,#000000
91,118,1763035,#000000
91,119,1763036,#000000
90,119,1763037,#000000
89,120,1763038,#000000
90,120,1763039,#000000
89,114,1763040,#000000
90,114,1763041,#000000
90,113,1763042,#000000
91,111,1763043,#000000
91,112,1763044,#000000
93,112,1763045,#000000
94,113,1763046,#000000
95,113,1763047,#000000
95,114,1763048,#000000
96,114,1763049,#000000
97,115,1763050,#000000
98,115,1763051,#000000
92,112,1763052,#000000
88,120,1763053,#000000
87,120,1763054,#000000
86,119,1763055,#000000
85,119,1763056,#000000
84,119,1763057,#000000
83,118,1763058,#000000
83,117,1763059,#000000
82,118,1763060,#000000
81,116,1763061,#000000
80,117,1763062,#000000
79,118,1763063,#000000
79,119,1763064,#000000
78,119,1763065,#000000
78,118,1763066,#000000
77,118,1763067,#000000
90,121,1763068,#000000
90,122,1763069,#000000
90,123,1763070,#000000
90,124,1763071,#000000
90,125,1763072,#000000
90,126,1763073,#000000
90,127,1763074,#000000
90,134,1763075,#000000
90,133,1763076,#000000
90,132,1763077,#000000
90,131,1763078,#000000
90,130,1763079,#000000
90,129,1763080,#000000
90,128,1763081,#000000
89,125,1763082,#000000
89,124,1763083,#000000
89,123,1763084,#000000
89,122,1763085,#000000
89,121,1763086,#000000
103,134,1763087,#000000
102,134,1763088,#000000
101,134,1763089,#000000
100,134,1763090,#000000
99,134,1763091,#000000
98,134,1763092,#000000
98,135,1763093,#000000
98,136,1763094,#000000
99,136,1763095,#000000
99,137,1763096,#000000
99,138,1763097,#000000
99,139,1763098,#000000
98,140,1763099,#000000
97,141,1763100,#000000
96,142,1763101,#000000
95,143,1763102,#000000
94,143,1763103,#000000
93,144,1763104,#000000
93,143,1763105,#000000
92,144,1763106,#000000
91,145,1763107,#000000
91,144,1763108,#000000
90,145,1763109,#000000
89,145,1763110,#000000
88,145,1763111,#000000
87,146,1763112,#000000
86,146,1763113,#000000
85,146,1763114,#000000
84,145,1763115,#000000
83,145,1763116,#000000
82,144,1763117,#000000
82,143,1763118,#000000
81,142,1763119,#000000
81,141,1763120,#000000
81,140,1763121,#000000
82,139,1763122,#000000
83,139,1763123,#000000
84,138,1763124,#000000
84,139,1763125,#000000
84,140,1763126,#000000
85,138,1763127,#000000
86,138,1763128,#000000
87,139,1763129,#000000
87,140,1763130,#000000
85,141,1763131,#000000
86,141,1763132,#000000
88,140,1763133,#000000
89,141,1763134,#000000
89,140,1763135,#000000
90,139,1763136,#000000
91,139,1763137,#000000
92,138,1763138,#000000
92,139,1763139,#000000
93,138,1763140,#000000
93,137,1763141,#000000
92,136,1763142,#000000
91,135,1763143,#000000
89,132,1763144,#000000
89,131,1763145,#000000
89,130,1763146,#000000
88,131,1763147,#000000
87,132,1763148,#000000
86,133,1763149,#000000
85,133,1763150,#000000
84,133,1763151,#000000
83,133,1763152,#000000
82,134,1763153,#000000
81,134,1763154,#000000
80,133,1763155,#000000
79,133,1763156,#000000
79,134,1763157,#000000
80,120,1763158,#000000
85,120,1763159,#000000
86,120,1763160,#000000
87,121,1763161,#000000
87,122,1763162,#000000
88,123,1763163,#000000
88,122,1763164,#000000
88,121,1763165,#000000
81,133,1763166,#000000
81,132,1763167,#000000
81,131,1763168,#000000
81,130,1763169,#000000
82,132,1763170,#000000
82,133,1763171,#000000
82,129,1763172,#000000
82,128,1763173,#000000
82,127,1763174,#000000
82,126,1763175,#000000
82,125,1763176,#000000
82,124,1763177,#000000
82,123,1763178,#000000
81,121,1763179,#000000
81,122,1763180,#000000
81,123,1763181,#000000
80,123,1763182,#282828
79,123,1763183,#000000
78,124,1763184,#000000
77,125,1763185,#000000
77,126,1763186,#000000
77,127,1763187,#000000
77,128,1763188,#000000
77,129,1763189,#000000
77,130,1763190,#000000
77,131,1763191,#000000
77,132,1763192,#000000
78,129,1763193,#000000
78,128,1763194,#000000
78,125,1763195,#000000
78,126,1763196,#000000
78,127,1763197,#000000
79,124,1763198,#282828
79,125,1763199,#000000
80,124,1763200,#282828
80,125,1763201,#000000
81,124,1763202,#282828
81,125,1763203,#000000
98,121,1763204,#000000
97,122,1763205,#000000
96,121,1763206,#000000
96,120,1763207,#000000
97,119,1763208,#000000
97,118,1763209,#000000
98,117,1763210,#000000
98,118,1763211,#000000
98,119,1763212,#000000
98,120,1763213,#000000
97,120,1763214,#000000
97,121,1763215,#000000
76,129,1763216,#000000
76,130,1763217,#000000
76,131,1763218,#000000
77,134,1763219,#000000
78,135,1763220,#000000
78,136,1763221,#000000
76,134,1763222,#000000
75,134,1763223,#000000
75,133,1763224,#000000
74,135,1763225,#000000
74,136,1763226,#000000
73,134,1763227,#000000
73,133,1763228,#000000
72,132,1763229,#000000
71,132,1763230,#000000
70,132,1763231,#000000
69,132,1763232,#000000
70,131,1763233,#000000
71,130,1763234,#000000
71,129,1763235,#000000
70,129,1763236,#000000
69,129,1763237,#000000
68,129,1763238,#000000
67,129,1763239,#000000
68,128,1763240,#000000
69,127,1763241,#000000
70,126,1763242,#000000
69,125,1763243,#000000
68,124,1763244,#000000
67,123,1763245,#000000
68,123,1763246,#000000
69,123,1763247,#000000
70,123,1763248,#000000
71,123,1763249,#000000
72,123,1763250,#000000
71,122,1763251,#000000
71,121,1763252,#000000
71,120,1763253,#000000
70,117,1763254,#000000
70,118,1763255,#000000
70,119,1763256,#000000
71,118,1763257,#000000
72,118,1763258,#000000
73,119,1763259,#000000
74,119,1763260,#000000
74,118,1763261,#000000
74,117,1763262,#000000
74,116,1763263,#000000
74,115,1763264,#000000
75,116,1763265,#000000
76,117,1763266,#000000
83,127,1763267,#000000
83,126,1763268,#000000
83,131,1763269,#000000
91,122,1763270,#000000
91,123,1763271,#000000
91,124,1763272,#000000
91,125,1763273,#000000
91,126,1763274,#000000
91,127,1763275,#000000
92,126,1763276,#000000
92,127,1763277,#000000
92,125,1763278,#000000
92,124,1763279,#000000
93,126,1763280,#000000
93,127,1763281,#000000
93,128,1763282,#000000
93,129,1763283,#000000
93,130,1763284,#282828
92,128,1763285,#000000
92,129,1763286,#000000
92,130,1763287,#000000
92,131,1763288,#000000
91,128,1763289,#000000
91,129,1763290,#000000
91,130,1763291,#000000
91,131,1763292,#000000
91,134,1763293,#000000
91,133,1763294,#000000
97,134,1763295,#000000
96,134,1763296,#000000
95,134,1763297,#000000
94,134,1763298,#000000
93,134,1763299,#000000
92,134,1763300,#000000
92,135,1763301,#000000
93,136,1763302,#000000
95,142,1763303,#000000
96,141,1763304,#000000
97,140,1763305,#000000
98,139,1763306,#000000
94,137,1763307,#000000
95,137,1763308,#000000
96,137,1763309,#000000
97,137,1763310,#000000
98,137,1763311,#000000
97,139,1763312,#000000
97,138,1763313,#000000
97,136,1763314,#000000
97,135,1763315,#000000
98,138,1763316,#000000
96,135,1763317,#000000
96,136,1763318,#000000
90,142,1763319,#000000
90,143,1763320,#000000
89,144,1763321,#000000
90,144,1763322,#000000
91,143,1763323,#000000
90,140,1763324,#000000
98,122,1763325,#e84000
99,122,1763326,#e84000
99,121,1763327,#e84000
100,121,1763328,#e84000
100,122,1763329,#e84000
101,122,1763330,#e84000
102,122,1763331,#e84000
103,122,1763332,#e84000
104,122,1763333,#e84000
104,121,1763334,#e84000
105,121,1763335,#e84000
105,122,1763336,#e84000
105,123,1763337,#e84000
106,122,1763338,#e84000
106,121,1763339,#e84000
106,123,1763340,#e84000
106,125,1763341,#e84000
106,124,1763342,#e84000
106,126,1763343,#e84000
106,127,1763344,#e84000
106,128,1763345,#e84000
99,123,1763346,#e84000
100,123,1763347,#e84000
101,123,1763348,#e84000
100,124,1763349,#e84000
101,124,1763350,#e84000
101,125,1763351,#e84000
101,126,1763352,#e84000
102,125,1763353,#e84000
102,126,1763354,#e84000
102,127,1763355,#e84000
102,131,1763356,#e84000
103,131,1763357,#e84000
103,132,1763358,#e84000
103,133,1763359,#e84000
102,133,1763360,#e84000
102,132,1763361,#e84000
101,132,1763362,#e84000
98,133,1763363,#e84000
99,133,1763364,#e84000
100,133,1763365,#e84000
101,133,1763366,#e84000
104,133,1763367,#e84000
104,132,1763368,#f89840
104,134,1763369,#e84000
106,132,1763370,#e84000
106,133,1763371,#e84000
106,134,1763372,#e84000
111,121,1763373,#e84000
111,122,1763374,#e84000
111,123,1763375,#e84000
111,124,1763376,#e84000
111,125,1763377,#e84000
111,126,1763378,#e84000
111,127,1763379,#e84000
111,128,1763380,#e84000
111,130,1763381,#e84000
111,131,1763382,#e84000
111,132,1763383,#e84000
111,133,1763384,#e84000
112,133,1763385,#e84000
112,134,1763386,#e84000
111,134,1763387,#e84000
114,129,1763388,#e84000
114,128,1763389,#e84000
114,127,1763390,#e84000
114,126,1763391,#e84000
114,125,1763392,#e84000
115,126,1763393,#e84000
115,127,1763394,#e84000
115,128,1763395,#e84000
116,125,1763396,#e84000
116,126,1763397,#e84000
116,127,1763398,#e84000
117,125,1763399,#e84000
117,126,1763400,#e84000
118,126,1763401,#e84000
118,125,1763402,#e84000
118,124,1763403,#e84000
119,126,1763404,#e84000
119,125,1763405,#e84000
119,124,1763406,#e84000
119,123,1763407,#e84000
120,123,1763408,#e84000
120,124,1763409,#e84000
120,125,1763410,#e84000
121,122,1763411,#e84000
121,123,1763412,#e84000
121,124,1763413,#e84000
121,125,1763414,#e84000
122,120,1763415,#e84000
122,121,1763416,#e84000
122,122,1763417,#e84000
122,123,1763418,#e84000
122,124,1763419,#e84000
123,120,1763420,#e84000
123,121,1763421,#e84000
123,122,1763422,#e84000
123,123,1763423,#e84000
123,124,1763424,#e84000
124,124,1763425,#e84000
124,123,1763426,#e84000
124,122,1763427,#e84000
124,121,1763428,#e84000
124,120,1763429,#e84000
124,119,1763430,#e84000
125,119,1763431,#e84000
125,120,1763432,#e84000
125,121,1763433,#e84000
125,122,1763434,#e84000
125,123,1763435,#e84000
126,118,1763436,#e84000
126,120,1763437,#e84000
126,119,1763438,#e84000
126,121,1763439,#e84000
126,122,1763440,#e84000
126,123,1763441,#e84000
127,123,1763442,#e84000
127,122,1763443,#e84000
127,121,1763444,#e84000
127,120,1763445,#e84000
127,119,1763446,#e84000
127,118,1763447,#e84000
128,117,1763448,#e84000
128,118,1763449,#e84000
128,119,1763450,#e84000
128,120,1763451,#e84000
128,121,1763452,#e84000
128,122,1763453,#e84000
129,116,1763454,#e84000
129,117,1763455,#e84000
129,118,1763456,#e84000
129,119,1763457,#e84000
129,120,1763458,#e84000
129,121,1763459,#e84000
129,122,1763460,#e84000
130,122,1763461,#e84000
130,121,1763462,#e84000
130,120,1763463,#e84000
130,119,1763464,#e84000
130,118,1763465,#e84000
130,117,1763466,#e84000
131,117,1763467,#e84000
131,116,1763468,#e84000
131,115,1763469,#e84000
131,114,1763470,#e84000
132,114,1763471,#f89840
132,115,1763472,#f89840
131,118,1763473,#e84000
131,119,1763474,#e84000
131,120,1763475,#e84000
131,121,1763476,#e84000
132,121,1763477,#e84000
132,120,1763478,#e84000
132,119,1763479,#e84000
132,118,1763480,#e84000
132,117,1763481,#e84000
132,116,1763482,#e84000
130,116,1763483,#e84000
128,116,1763484,#e84000
113,131,1763485,#e84000
113,132,1763486,#e84000
113,130,1763487,#e84000
113,133,1763488,#e84000
114,133,1763489,#e84000
114,134,1763490,#e84000
115,134,1763491,#e84000
113,134,1763492,#e84000
114,132,1763493,#e84000
115,132,1763494,#e84000
116,132,1763495,#e84000
117,132,1763496,#e84000
117,131,1763497,#e84000
116,131,1763498,#e84000
116,130,1763499,#e84000
115,130,1763500,#e84000
115,131,1763501,#e84000
115,133,1763502,#e84000
116,133,1763503,#e84000
117,133,1763504,#e84000
118,133,1763505,#e84000
119,133,1763506,#e84000
120,133,1763507,#e84000
121,133,1763508,#e84000
122,133,1763509,#e84000
123,133,1763510,#e84000
124,133,1763511,#e84000
124,132,1763512,#e84000
124,131,1763513,#e84000
123,131,1763514,#e84000
122,131,1763515,#e84000
121,131,1763516,#e84000
120,131,1763517,#e84000
119,131,1763518,#e84000
118,131,1763519,#e84000
118,132,1763520,#e84000
119,132,1763521,#e84000
120,132,1763522,#e84000
121,132,1763523,#e84000
122,132,1763524,#e84000
123,132,1763525,#e84000
122,130,1763526,#e84000
121,130,1763527,#e84000
121,129,1763528,#e84000
120,129,1763529,#e84000
119,129,1763530,#e84000
118,129,1763531,#e84000
118,130,1763532,#e84000
117,130,1763533,#e84000
117,129,1763534,#e84000
116,129,1763535,#e84000
119,130,1763536,#e84000
120,130,1763537,#e84000
119,134,1763538,#e84000
118,134,1763539,#e84000
117,134,1763540,#e84000
116,134,1763541,#e84000
120,134,1763542,#e84000
121,134,1763543,#e84000
122,134,1763544,#e84000
123,134,1763545,#e84000
124,134,1763546,#e84000
125,134,1763547,#e84000
126,134,1763548,#e84000
125,135,1763549,#e84000
126,135,1763550,#e84000
127,135,1763551,#e84000
128,135,1763552,#e84000
128,134,1763553,#e84000
129,134,1763554,#e84000
130,134,1763555,#e84000
131,134,1763556,#e84000
131,135,1763557,#e84000
129,135,1763558,#e84000
130,135,1763559,#e84000
127,134,1763560,#e84000
127,133,1763561,#e84000
126,132,1763562,#e84000
125,132,1763563,#e84000
126,133,1763564,#e84000
125,133,1763565,#e84000
128,133,1763566,#e84000
129,133,1763567,#e84000
130,133,1763568,#e84000
130,132,1763569,#e84000
129,132,1763570,#e84000
129,131,1763571,#e84000
128,131,1763572,#e84000
128,130,1763573,#e84000
127,130,1763574,#e84000
126,130,1763575,#e84000
126,131,1763576,#e84000
125,131,1763577,#e84000
127,131,1763578,#e84000
128,132,1763579,#e84000
127,132,1763580,#e84000
125,130,1763581,#e84000
124,130,1763582,#e84000
123,130,1763583,#e84000
123,129,1763584,#e84000
124,129,1763585,#e84000
122,129,1763586,#e84000
131,132,1763587,#e84000
131,131,1763588,#e84000
130,131,1763589,#e84000
131,130,1763590,#e84000
130,130,1763591,#e84000
129,130,1763592,#e84000
102,124,1763593,#f89840
102,123,1763594,#f89840
103,123,1763595,#f89840
103,124,1763596,#f89840
104,124,1763597,#f89840
104,123,1763598,#f89840
105,124,1763599,#f89840
105,125,1763600,#f89840
104,125,1763601,#f89840
103,125,1763602,#f89840
103,126,1763603,#f89840
103,127,1763604,#f89840
104,127,1763605,#f89840
104,126,1763606,#f89840
105,126,1763607,#f89840
105,127,1763608,#f89840
105,128,1763609,#f89840
104,128,1763610,#f89840
105,133,1763611,#f89840
105,134,1763612,#f89840
105,132,1763613,#f89840
112,130,1763614,#f89840
112,131,1763615,#f89840
112,132,1763616,#f89840
112,121,1763617,#f89840
112,122,1763618,#f89840
112,123,1763619,#f89840
112,124,1763620,#f89840
112,125,1763621,#f89840
112,126,1763622,#f89840
112,127,1763623,#f89840
113,127,1763624,#f89840
112,128,1763625,#f89840
113,128,1763626,#f89840
113,126,1763627,#f89840
113,125,1763628,#f89840
113,124,1763629,#f89840
113,123,1763630,#f89840
113,122,1763631,#f89840
113,121,1763632,#f89840
113,120,1763633,#f89840
114,120,1763634,#f89840
115,121,1763635,#f89840
114,121,1763636,#f89840
114,122,1763637,#f89840
114,123,1763638,#f89840
115,122,1763639,#f89840
116,122,1763640,#f89840
116,121,1763641,#f89840
115,120,1763642,#f89840
116,120,1763643,#f89840
117,121,1763644,#f89840
116,123,1763645,#f89840
115,123,1763646,#f89840
115,124,1763647,#f89840
114,124,1763648,#f89840
115,125,1763649,#f89840
116,124,1763650,#f89840
117,124,1763651,#f89840
117,123,1763652,#f89840
117,122,1763653,#f89840
118,121,1763654,#f89840
118,122,1763655,#f89840
118,123,1763656,#f89840
117,120,1763657,#f89840
117,119,1763658,#f89840
116,119,1763659,#f89840
118,119,1763660,#f89840
119,119,1763661,#f89840
119,120,1763662,#f89840
118,120,1763663,#f89840
119,121,1763664,#f89840
119,122,1763665,#f89840
120,122,1763666,#f89840
120,121,1763667,#f89840
121,121,1763668,#f89840
121,120,1763669,#f89840
120,120,1763670,#f89840
119,118,1763671,#f89840
120,118,1763672,#f89840
120,119,1763673,#f89840
121,119,1763674,#f89840
121,118,1763675,#f89840
122,118,1763676,#f89840
122,119,1763677,#f89840
123,119,1763678,#f89840
123,118,1763679,#f89840
123,117,1763680,#f89840
122,117,1763681,#f89840
124,117,1763682,#f89840
124,118,1763683,#f89840
125,118,1763684,#f89840
125,117,1763685,#f89840
126,117,1763686,#f89840
127,117,1763687,#f89840
127,116,1763688,#f89840
126,116,1763689,#f89840
125,116,1763690,#f89840
128,115,1763691,#f89840
129,115,1763692,#f89840
130,115,1763693,#f89840
133,115,1763694,#f89840
133,116,1763695,#f89840
133,117,1763696,#f89840
133,118,1763697,#f89840
131,133,1763698,#f89840
132,133,1763699,#f89840
132,132,1763700,#f89840
132,131,1763701,#e84000
98,123,1763702,#f89840
98,124,1763703,#f89840
98,125,1763704,#f89840
98,126,1763705,#f89840
99,126,1763706,#f89840
99,127,1763707,#f89840
98,127,1763708,#f89840
100,127,1763709,#f89840
101,127,1763710,#f89840
100,126,1763711,#f89840
100,125,1763712,#f89840
99,125,1763713,#f89840
99,124,1763714,#f89840
101,131,1763715,#f89840
100,131,1763716,#f89840
99,131,1763717,#f89840
98,131,1763718,#f89840
98,132,1763719,#f89840
99,132,1763720,#f89840
100,132,1763721,#f89840
132,134,1763722,#f89840
104,131,1763723,#505050
91,113,1763724,#282828
91,114,1763725,#282828
92,113,1763726,#282828
93,113,1763727,#282828
94,114,1763728,#282828
95,115,1763729,#282828
96,115,1763730,#282828
97,116,1763731,#282828
98,116,1763732,#282828
97,117,1763733,#282828
96,117,1763734,#282828
96,118,1763735,#282828
96,119,1763736,#282828
95,119,1763737,#282828
95,120,1763738,#282828
95,121,1763739,#282828
95,122,1763740,#282828
96,122,1763741,#282828
96,123,1763742,#282828
97,123,1763743,#282828
97,124,1763744,#282828
97,125,1763745,#282828
97,126,1763746,#282828
97,127,1763747,#282828
97,128,1763748,#282828
97,129,1763749,#282828
97,130,1763750,#282828
97,131,1763751,#282828
97,132,1763752,#282828
97,133,1763753,#282828
101,128,1763754,#282828
101,129,1763755,#282828
101,130,1763756,#282828
100,130,1763757,#282828
100,129,1763758,#282828
99,129,1763759,#282828
98,129,1763760,#282828
100,128,1763761,#282828
99,128,1763762,#282828
98,128,1763763,#282828
98,130,1763764,#282828
99,130,1763765,#282828
93,115,1763766,#282828
92,114,1763767,#282828
93,116,1763768,#282828
93,117,1763769,#282828
93,118,1763770,#282828
92,119,1763771,#282828
91,120,1763772,#282828
91,121,1763773,#282828
92,122,1763774,#282828
92,123,1763775,#282828
93,123,1763776,#282828
93,124,1763777,#282828
93,125,1763778,#282828
94,125,1763779,#282828
94,127,1763780,#282828
94,126,1763781,#282828
94,128,1763782,#282828
94,129,1763783,#282828
94,130,1763784,#282828
93,131,1763785,#282828
93,132,1763786,#282828
92,132,1763787,#282828
91,132,1763788,#282828
92,133,1763789,#282828
93,133,1763790,#282828
94,133,1763791,#282828
95,133,1763792,#282828
96,133,1763793,#282828
93,135,1763794,#282828
94,135,1763795,#282828
95,135,1763796,#282828
95,136,1763797,#282828
94,136,1763798,#282828
94,138,1763799,#282828
95,138,1763800,#282828
96,138,1763801,#282828
96,139,1763802,#282828
96,140,1763803,#282828
95,140,1763804,#282828
95,141,1763805,#282828
94,141,1763806,#282828
94,142,1763807,#282828
93,142,1763808,#282828
92,142,1763809,#282828
92,143,1763810,#282828
90,141,1763811,#282828
91,141,1763812,#282828
91,142,1763813,#282828
91,140,1763814,#282828
92,140,1763815,#282828
93,139,1763816,#282828
93,114,1763817,#282828
96,116,1763818,#282828
95,118,1763819,#282828
94,116,1763820,#282828
96,124,1763821,#282828
96,125,1763822,#282828
96,126,1763823,#282828
96,127,1763824,#282828
96,128,1763825,#282828
96,129,1763826,#282828
96,130,1763827,#282828
96,131,1763828,#282828
96,132,1763829,#282828
104,129,1763830,#505050
104,130,1763831,#505050
93,121,1763832,#505050
92,121,1763833,#282828
92,120,1763834,#505050
93,120,1763835,#505050
93,119,1763836,#505050
94,119,1763837,#505050
94,118,1763838,#505050
94,117,1763839,#505050
95,117,1763840,#505050
95,116,1763841,#505050
94,115,1763842,#505050
94,120,1763843,#505050
94,121,1763844,#505050
94,122,1763845,#505050
93,122,1763846,#505050
94,123,1763847,#505050
95,123,1763848,#505050
95,124,1763849,#505050
94,124,1763850,#282828
95,125,1763851,#505050
95,126,1763852,#505050
95,127,1763853,#505050
95,128,1763854,#505050
95,129,1763855,#505050
95,130,1763856,#505050
95,131,1763857,#505050
94,131,1763858,#505050
94,132,1763859,#505050
95,132,1763860,#505050
95,139,1763861,#505050
94,139,1763862,#505050
94,140,1763863,#505050
93,140,1763864,#505050
93,141,1763865,#505050
92,141,1763866,#505050
134,134,1763867,#282828
135,134,1763868,#282828
135,135,1763869,#282828
135,136,1763870,#282828
135,137,1763871,#282828
134,136,1763872,#282828
134,135,1763873,#282828
139,113,1763874,#fb9043
138,138,1763875,#d86020
84,110,1763876,#d86020
85,110,1763877,#d86020
86,109,1763878,#d86020
87,109,1763879,#d86020
88,109,1763880,#d86020
89,110,1763881,#d86020
90,111,1763882,#d86020
90,112,1763883,#d86020
89,113,1763884,#d86020
88,112,1763885,#d86020
83,144,1763886,#d86020
84,144,1763887,#d86020
85,145,1763888,#d86020
86,145,1763889,#d86020
87,145,1763890,#d86020
87,144,1763891,#d86020
88,144,1763892,#d86020
88,143,1763893,#d86020
89,143,1763894,#d86020
89,142,1763895,#d86020
88,141,1763896,#d86020
87,142,1763897,#d86020
83,128,1763898,#d86020
84,129,1763899,#d86020
82,131,1763900,#d86020
82,130,1763901,#d86020
83,125,1763902,#d86020
83,124,1763903,#d86020
84,120,1763904,#d86020
83,120,1763905,#d86020
83,122,1763906,#d86020
84,122,1763907,#d86020
85,122,1763908,#d86020
86,121,1763909,#d86020
86,123,1763910,#d86020
86,124,1763911,#d86020
87,123,1763912,#d86020
88,124,1763913,#d86020
87,125,1763914,#d86020
87,126,1763915,#d86020
89,126,1763916,#d86020
89,127,1763917,#d86020
89,129,1763918,#d86020
88,130,1763919,#d86020
87,131,1763920,#d86020
86,132,1763921,#d86020
139,112,1763922,#f8c880
138,113,1763923,#fb9043
139,114,1763924,#fb9043
138,140,1763925,#fb9043
138,139,1763926,#fb9043
137,138,1763927,#fb9043
138,136,1763928,#fb9043
88,110,1763929,#fb9043
87,110,1763930,#fb9043
86,110,1763931,#fb9043
85,111,1763932,#f8c880
84,111,1763933,#fb9043
83,113,1763934,#fb9043
83,112,1763935,#fb9043
84,113,1763936,#fb9043
84,114,1763937,#fb9043
85,113,1763938,#fb9043
86,112,1763939,#fb9043
87,112,1763940,#fb9043
89,111,1763941,#fb9043
89,112,1763942,#fb9043
88,113,1763943,#f8c880
83,143,1763944,#fb9043
84,143,1763945,#fb9043
85,144,1763946,#fb9043
86,144,1763947,#fb9043
87,143,1763948,#fb9043
88,142,1763949,#f8c880
86,142,1763950,#fb9043
85,142,1763951,#fb9043
86,139,1763952,#fb9043
83,141,1763953,#fb9043
82,141,1763954,#fb9043
84,141,1763955,#fb9043
82,142,1763956,#fb9043
88,111,1763957,#f8c880
86,114,1763958,#f8c880
87,115,1763959,#f8c880
84,112,1763960,#f8c880
83,114,1763961,#f8c880
86,111,1763962,#f8ebce
83,142,1763963,#f8c880
82,140,1763964,#f8c880
85,140,1763965,#f8c880
85,143,1763966,#f8c880
87,141,1763967,#f8c880
139,111,1763968,#f8c880
138,116,1763969,#f8c880
139,115,1763970,#f8c880
139,117,1763971,#f8c880
138,137,1763972,#f8c880
137,139,1763973,#f8c880
137,136,1763974,#f8c880
85,112,1763975,#f8ebce
87,111,1763976,#f8ebce
87,114,1763977,#f8ebce
86,115,1763978,#f8ebce
86,143,1763979,#f8ebce
86,140,1763980,#f8ebce
85,139,1763981,#f8ebce
83,140,1763982,#f8ebce
84,142,1763983,#f8ebce
139,116,1763984,#f8ebce
138,115,1763985,#f8ebce
138,114,1763986,#f8ebce
138,112,1763987,#f8ebce
137,137,1763988,#f8ebce
84,128,1763989,#000000
83,121,1763990,#fb9043
84,121,1763991,#fb9043
85,121,1763992,#fb9043
86,122,1763993,#fb9043
85,123,1763994,#fb9043
87,124,1763995,#fb9043
88,125,1763996,#fb9043
88,126,1763997,#fb9043
89,128,1763998,#fb9043
87,130,1763999,#fb9043
87,129,1764000,#fb9043
86,130,1764001,#fb9043
85,132,1764002,#fb9043
86,131,1764003,#fb9043
87,128,1764004,#fb9043
87,127,1764005,#f8c880
88,127,1764006,#f8c880
86,129,1764007,#f8c880
86,128,1764008,#f8c880
86,127,1764009,#fb9043
86,126,1764010,#f8c880
85,124,1764011,#f8c880
85,125,1764012,#f8c880
84,124,1764013,#f8c880
85,131,1764014,#f8c880
83,129,1764015,#fb9043
83,130,1764016,#f8c880
86,125,1764017,#f8ebce
85,129,1764018,#f8ebce
85,130,1764019,#f8ebce
84,130,1764020,#f8ebce
84,131,1764021,#f8ebce
85,126,1764022,#f8ebce
84,126,1764023,#f8ebce
84,125,1764024,#505050
79,126,1764025,#a0a0a0
79,127,1764026,#a0a0a0
79,128,1764027,#a0a0a0
79,129,1764028,#a0a0a0
78,130,1764029,#a0a0a0
78,131,1764030,#a0a0a0
78,132,1764031,#a0a0a0
79,132,1764032,#a0a0a0
80,132,1764033,#a0a0a0
80,131,1764034,#a0a0a0
81,129,1764035,#a0a0a0
81,127,1764036,#a0a0a0
80,127,1764037,#a0a0a0
84,127,1764038,#4880b0
85,127,1764039,#4880b0
85,128,1764040,#4880b0
83,132,1764041,#4880b0
84,132,1764042,#4880b0
83,123,1764043,#d09018
84,123,1764044,#d09018
82,121,1764045,#d09018
82,122,1764046,#d09018
81,120,1764047,#d09018
82,120,1764048,#d09018
82,119,1764049,#d09018
83,119,1764050,#d09018
82,117,1764051,#d09018
81,117,1764052,#d09018
81,118,1764053,#d09018
80,118,1764054,#d09018
80,119,1764055,#d09018
81,119,1764056,#d09018
80,121,1764057,#d09018
80,122,1764058,#d09018
79,122,1764059,#d09018
78,122,1764060,#d09018
78,123,1764061,#d09018
77,123,1764062,#d09018
77,124,1764063,#d09018
76,124,1764064,#d09018
76,125,1764065,#d09018
76,126,1764066,#d09018
75,126,1764067,#d09018
76,128,1764068,#d09018
75,129,1764069,#d09018
75,130,1764070,#d09018
78,133,1764071,#d09018
78,134,1764072,#d09018
76,133,1764073,#d09018
75,132,1764074,#d09018
74,133,1764075,#d09018
74,134,1764076,#d09018
73,132,1764077,#d09018
73,131,1764078,#f8e048
72,131,1764079,#d09018
71,131,1764080,#d09018
72,129,1764081,#d09018
71,128,1764082,#d09018
70,128,1764083,#d09018
69,128,1764084,#d09018
70,127,1764085,#d09018
71,127,1764086,#d09018
72,127,1764087,#d09018
71,126,1764088,#d09018
70,125,1764089,#d09018
69,124,1764090,#d09018
70,124,1764091,#d09018
71,124,1764092,#d09018
72,124,1764093,#d09018
73,124,1764094,#d09018
73,123,1764095,#d09018
72,122,1764096,#d09018
71,119,1764097,#d09018
72,119,1764098,#d09018
72,120,1764099,#d09018
73,120,1764100,#d09018
74,120,1764101,#d09018
75,120,1764102,#d09018
76,120,1764103,#d09018
77,120,1764104,#d09018
78,120,1764105,#d09018
79,120,1764106,#d09018
74,121,1764107,#d09018
75,121,1764108,#d09018
76,121,1764109,#d09018
77,121,1764110,#d09018
75,122,1764111,#d09018
75,117,1764112,#d09018
75,118,1764113,#d09018
75,119,1764114,#d09018
76,119,1764115,#d09018
76,118,1764116,#d09018
77,119,1764117,#d09018
72,121,1764118,#f8e048
73,121,1764119,#f8e048
73,122,1764120,#f8e048
74,122,1764121,#f8e048
74,123,1764122,#f8e048
74,124,1764123,#f8e048
74,125,1764124,#f8e048
73,125,1764125,#f8e048
72,125,1764126,#f8e048
72,126,1764127,#f8e048
71,125,1764128,#f8e048
73,126,1764129,#f8e048
73,127,1764130,#f8e048
74,127,1764131,#f8e048
74,126,1764132,#f8e048
73,128,1764133,#f8e048
72,128,1764134,#f8e048
72,130,1764135,#f8e048
73,130,1764136,#f8e048
73,129,1764137,#f8e048
74,128,1764138,#f8e048
74,129,1764139,#f8e048
74,131,1764140,#f8e048
74,130,1764141,#f8e048
74,132,1764142,#f8e048
75,131,1764143,#f8e048
76,132,1764144,#f8e048
77,133,1764145,#f8e048
75,127,1764146,#f8e048
75,128,1764147,#f8e048
76,127,1764148,#f8e048
75,125,1764149,#f8e048
75,124,1764150,#f8e048
75,123,1764151,#f8e048
76,123,1764152,#f8e048
76,122,1764153,#f8e048
77,122,1764154,#f8e048
78,121,1764155,#f8e048
79,121,1764156,#f8e048
88,128,1764157,#ffffff
88,129,1764158,#ffffff
79,131,1764159,#c0c0c0
79,130,1764160,#c0c0c0
80,130,1764161,#c0c0c0
80,129,1764162,#c0c0c0
80,128,1764163,#c0c0c0
81,128,1764164,#c0c0c0
80,126,1764165,#c0c0c0
81,126,1764166,#c0c0c0
