138,131,281664,#000000
137,131,281665,#000000
136,131,281666,#000000
139,132,281667,#000000
140,133,281668,#000000
140,134,281669,#000000
140,135,281670,#000000
140,136,281671,#000000
140,137,281672,#000000
140,138,281673,#000000
140,139,281674,#000000
139,140,281675,#000000
138,140,281676,#000000
137,139,281677,#000000
136,139,281678,#000000
136,138,281679,#000000
135,138,281680,#000000
134,137,281681,#000000
133,136,281682,#000000
130,136,281683,#000000
129,136,281684,#000000
128,136,281685,#000000
135,131,281686,#000000
134,131,281687,#000000
133,130,281688,#000000
132,129,281689,#000000
132,128,281690,#000000
132,135,281691,#000000
131,135,281692,#000000
131,127,281693,#000000
130,126,281694,#000000
129,126,281695,#000000
128,126,281696,#000000
127,135,281697,#000000
126,135,281698,#000000
125,134,281699,#000000
124,134,281700,#000000
123,133,281701,#000000
122,133,281702,#000000
121,132,281703,#000000
120,131,281704,#000000
127,126,281705,#000000
126,126,281706,#000000
125,125,281707,#000000
124,124,281708,#000000
124,123,281709,#000000
123,122,281710,#000000
123,121,281711,#000000
123,120,281712,#000000
119,130,281713,#000000
118,129,281714,#000000
117,128,281715,#000000
122,119,281716,#000000
122,118,281717,#000000
121,117,281718,#000000
121,116,281719,#000000
120,115,281720,#000000
120,114,281721,#000000
120,113,281722,#000000
121,112,281723,#000000
121,111,281724,#000000
122,110,281725,#000000
122,109,281726,#000000
123,108,281727,#000000
123,107,281728,#000000
124,106,281729,#000000
124,105,281730,#000000
125,104,281731,#000000
126,103,281732,#000000
127,103,281733,#000000
128,103,281734,#000000
129,103,281735,#000000
130,102,281736,#000000
131,102,281737,#000000
132,101,281738,#000000
132,100,281739,#000000
133,100,281740,#000000
134,100,281741,#000000
135,100,281742,#000000
136,100,281743,#000000
137,99,281744,#000000
137,98,281745,#000000
138,97,281746,#000000
138,96,281747,#000000
139,95,281748,#000000
139,94,281749,#000000
139,93,281750,#000000
139,92,281751,#000000
139,91,281752,#000000
139,90,281753,#000000
139,89,281754,#000000
138,88,281755,#000000
137,88,281756,#000000
136,89,281757,#000000
135,90,281758,#000000
134,91,281759,#000000
134,92,281760,#000000
133,93,281761,#000000
132,94,281762,#000000
131,95,281763,#000000
132,96,281764,#000000
133,97,281765,#000000
133,98,281766,#000000
133,99,281767,#000000
130,95,281768,#000000
130,94,281769,#000000
129,94,281770,#E84000
127,94,281771,#000000
126,94,281772,#000000
126,95,281773,#000000
125,95,281774,#000000
119,113,281775,#000000
118,113,281776,#000000
117,113,281777,#000000
124,96,281778,#000000
123,96,281779,#000000
122,97,281780,#000000
121,97,281781,#000000
120,98,281782,#000000
119,99,281783,#000000
118,100,281784,#000000
117,101,281785,#000000
116,102,281786,#000000
115,103,281787,#000000
114,104,281788,#000000
113,105,281789,#000000
112,106,281790,#000000
111,107,281791,#000000
112,108,281792,#E84000
113,109,281793,#E84000
114,110,281794,#000000
115,111,281795,#000000
115,112,281796,#000000
115,113,281797,#000000
116,113,281798,#000000
116,114,281799,#000000
116,115,281800,#000000
116,116,281801,#000000
116,117,281802,#000000
116,118,281803,#000000
116,119,281804,#000000
117,118,281805,#000000
118,117,281806,#000000
119,117,281807,#000000
120,116,281808,#000000
116,120,281809,#000000
115,121,281810,#000000
115,122,281811,#000000
115,123,281812,#000000
114,124,281813,#000000
114,125,281814,#000000
116,127,281815,#000000
115,126,281816,#000000
113,124,281817,#000000
112,124,281818,#000000
111,124,281819,#000000
110,124,281820,#000000
109,124,281821,#000000
108,124,281822,#000000
107,124,281823,#000000
106,124,281824,#000000
105,124,281825,#000000
104,124,281826,#000000
111,123,281827,#E84000
112,123,281828,#000000
112,122,281829,#282828
112,121,281830,#E84000
113,120,281831,#282828
114,120,281832,#282828
115,120,281833,#000000
114,121,281834,#000000
113,121,281835,#282828
114,122,281836,#000000
113,122,281837,#000000
113,123,281838,#000000
114,123,281839,#000000
113,119,281840,#282828
113,118,281841,#E84000
114,119,281842,#282828
114,118,281843,#282828
114,117,281844,#282828
114,116,281845,#282828
114,115,281846,#282828
114,114,281847,#282828
114,113,281848,#000000
114,112,281849,#000000
114,111,281850,#000000
115,114,281851,#000000
115,115,281852,#000000
115,116,281853,#000000
115,117,281854,#000000
115,118,281855,#000000
115,119,281856,#000000
113,113,281857,#282828
112,113,281858,#282828
112,112,281859,#282828
113,112,281860,#282828
113,111,281861,#282828
113,110,281862,#000000
112,109,281863,#000000
111,109,281864,#000000
111,108,281865,#000000
110,108,281866,#000000
109,109,281867,#000000
108,110,281868,#000000
107,110,281869,#000000
106,110,281870,#000000
105,109,281871,#000000
104,109,281872,#000000
112,110,281873,#282828
111,110,281874,#282828
110,109,281875,#000000
111,114,281876,#282828
110,114,281877,#282828
110,115,281878,#000000
109,114,281879,#282828
109,115,281880,#282828
108,115,281881,#505050
104,125,281882,#000000
105,126,281883,#000000
105,127,281884,#000000
106,128,281885,#000000
107,129,281886,#000000
108,130,281887,#000000
109,131,281888,#000000
110,132,281889,#000000
111,133,281890,#000000
111,134,281891,#000000
112,134,281892,#000000
113,134,281893,#000000
113,135,281894,#000000
114,135,281895,#000000
115,135,281896,#000000
116,134,281897,#000000
117,134,281898,#000000
118,135,281899,#000000
118,136,281900,#000000
117,137,281901,#000000
116,138,281902,#000000
116,139,281903,#000000
115,140,281904,#000000
114,141,281905,#000000
111,142,281906,#000000
109,143,281907,#000000
108,143,281908,#000000
110,142,281909,#000000
112,141,281910,#000000
113,141,281911,#000000
107,144,281912,#000000
106,144,281913,#000000
106,143,281914,#000000
107,142,281915,#000000
107,141,281916,#000000
106,141,281917,#000000
105,141,281918,#000000
105,140,281919,#000000
106,139,281920,#000000
107,139,281921,#000000
106,138,281922,#000000
108,138,281923,#000000
109,138,281924,#000000
106,137,281925,#000000
105,136,281926,#000000
106,136,281927,#000000
105,137,281928,#000000
107,136,281929,#000000
108,136,281930,#000000
109,136,281931,#000000
110,136,281932,#000000
111,136,281933,#000000
108,135,281934,#000000
109,134,281935,#000000
110,134,281936,#000000
104,135,281937,#000000
104,134,281938,#000000
104,133,281939,#000000
105,135,281940,#000000
103,133,281941,#000000
103,132,281942,#000000
102,131,281943,#000000
102,130,281944,#282828
101,130,281945,#000000
101,129,281946,#282828
100,129,281947,#000000
99,128,281948,#000000
98,128,281949,#000000
97,127,281950,#000000
96,126,281951,#000000
96,125,281952,#000000
96,124,281953,#000000
96,123,281954,#000000
96,122,281955,#000000
96,121,281956,#000000
97,121,281957,#000000
98,121,281958,#000000
99,120,281959,#000000
100,120,281960,#000000
101,121,281961,#000000
101,122,281962,#000000
102,122,281963,#000000
102,123,281964,#000000
103,122,281965,#000000
103,123,281966,#000000
103,124,281967,#000000
133,131,281968,#000000
133,132,281969,#000000
133,133,281970,#000000
133,134,281971,#000000
133,135,281972,#000000
100,119,281973,#000000
101,119,281974,#000000
101,118,281975,#000000
102,118,281976,#000000
102,117,281977,#000000
102,116,281978,#000000
102,115,281979,#000000
102,114,281980,#000000
101,113,281981,#000000
101,112,281982,#000000
100,111,281983,#000000
100,110,281984,#282828
99,109,281985,#000000
98,109,281986,#000000
98,108,281987,#000000
97,108,281988,#000000
96,107,281989,#000000
96,106,281990,#000000
97,105,281991,#000000
98,105,281992,#000000
98,104,281993,#000000
99,105,281994,#000000
100,106,281995,#000000
101,106,281996,#282828
101,107,281997,#000000
102,107,281998,#000000
102,108,281999,#000000
103,108,282000,#000000
100,107,282001,#000000
99,107,282002,#000000
98,107,282003,#000000
97,106,282004,#000000
98,106,282005,#000000
99,106,282006,#000000
97,107,282007,#000000
99,108,282008,#000000
100,108,282009,#000000
102,106,282010,#000000
103,105,282011,#000000
103,104,282012,#282828
104,104,282013,#000000
105,103,282014,#000000
106,102,282015,#000000
106,101,282016,#000000
106,100,282017,#000000
106,99,282018,#000000
107,98,282019,#000000
107,97,282020,#000000
107,96,282021,#000000
106,95,282022,#000000
106,94,282023,#000000
105,93,282024,#000000
104,93,282025,#000000
103,92,282026,#000000
102,92,282027,#000000
101,92,282028,#000000
100,93,282029,#000000
100,94,282030,#000000
100,95,282031,#000000
99,95,282032,#000000
101,95,282033,#000000
102,96,282034,#000000
102,97,282035,#000000
99,96,282036,#000000
99,97,282037,#000000
100,98,282038,#000000
101,98,282039,#000000
101,99,282040,#000000
102,100,282041,#000000
103,101,282042,#000000
104,101,282043,#000000
105,101,282044,#000000
105,102,282045,#282828
100,101,282046,#000000
100,100,282047,#000000
99,102,282048,#000000
99,103,282049,#000000
98,103,282050,#000000
95,121,282051,#000000
94,120,282052,#000000
95,120,282053,#4880B0
95,125,282054,#000000
94,124,282055,#000000
94,123,282056,#000000
93,122,282057,#000000
93,121,282058,#000000
93,120,282059,#000000
94,121,282060,#000000
92,121,282061,#000000
91,121,282062,#000000
91,122,282063,#000000
90,123,282064,#000000
90,124,282065,#000000
89,122,282066,#000000
88,122,282067,#000000
87,122,282068,#000000
87,121,282069,#000000
86,123,282070,#000000
86,124,282071,#000000
85,123,282072,#000000
85,122,282073,#000000
85,121,282074,#000000
84,120,282075,#000000
83,120,282076,#000000
82,120,282077,#000000
81,120,282078,#000000
82,119,282079,#000000
83,118,282080,#000000
83,117,282081,#000000
82,117,282082,#000000
81,117,282083,#000000
79,111,282084,#000000
80,112,282085,#000000
81,113,282086,#000000
80,117,282087,#000000
79,117,282088,#000000
80,116,282089,#000000
81,115,282090,#000000
82,114,282091,#000000
80,111,282092,#000000
81,111,282093,#000000
82,111,282094,#000000
83,111,282095,#000000
84,111,282096,#000000
83,110,282097,#000000
83,109,282098,#000000
83,108,282099,#000000
82,108,282100,#000000
82,107,282101,#000000
82,106,282102,#000000
82,105,282103,#000000
83,106,282104,#000000
84,106,282105,#000000
85,107,282106,#000000
86,107,282107,#000000
87,106,282108,#000000
87,105,282109,#000000
87,104,282110,#000000
89,120,282111,#000000
89,119,282112,#000000
88,119,282113,#000000
88,118,282114,#000000
88,117,282115,#000000
89,117,282116,#000000
89,118,282117,#000000
89,116,282118,#000000
89,115,282119,#000000
89,114,282120,#000000
89,113,282121,#000000
90,112,282122,#000000
90,113,282123,#000000
90,114,282124,#000000
90,115,282125,#000000
90,116,282126,#000000
91,114,282127,#000000
92,114,282128,#000000
93,114,282129,#000000
94,114,282130,#000000
94,112,282131,#000000
94,113,282132,#000000
94,115,282133,#000000
94,116,282134,#000000
94,117,282135,#000000
94,118,282136,#000000
93,118,282137,#000000
93,119,282138,#000000
95,114,282139,#000000
95,115,282140,#000000
91,111,282141,#000000
93,111,282142,#000000
94,111,282143,#000000
93,110,282144,#000000
93,109,282145,#000000
92,108,282146,#000000
91,107,282147,#000000
90,107,282148,#000000
89,107,282149,#000000
89,106,282150,#000000
88,105,282151,#000000
88,104,282152,#000000
89,104,282153,#000000
89,105,282154,#000000
90,105,282155,#000000
90,106,282156,#000000
91,105,282157,#000000
91,106,282158,#000000
92,104,282159,#000000
93,104,282160,#000000
94,104,282161,#000000
94,103,282162,#000000
95,105,282163,#000000
95,106,282164,#000000
94,106,282165,#000000
92,105,282166,#000000
88,103,282167,#000000
88,102,282168,#000000
89,102,282169,#000000
89,103,282170,#000000
92,103,282171,#000000
92,102,282172,#000000
92,101,282173,#000000
91,103,282174,#000000
93,101,282175,#000000
93,100,282176,#000000
93,99,282177,#000000
94,99,282178,#000000
94,98,282179,#000000
94,97,282180,#000000
95,97,282181,#000000
95,98,282182,#000000
95,96,282183,#000000
96,96,282184,#000000
95,95,282185,#000000
96,95,282186,#000000
95,94,282187,#000000
95,93,282188,#000000
96,94,282189,#000000
96,93,282190,#000000
96,92,282191,#000000
96,91,282192,#000000
96,90,282193,#000000
96,89,282194,#000000
96,88,282195,#000000
97,93,282196,#000000
97,92,282197,#000000
97,91,282198,#000000
97,90,282199,#000000
97,89,282200,#000000
97,88,282201,#000000
98,88,282202,#000000
98,89,282203,#000000
98,90,282204,#000000
96,87,282205,#000000
97,87,282206,#000000
98,87,282207,#000000
96,85,282208,#000000
97,85,282209,#000000
97,86,282210,#000000
96,86,282211,#000000
97,84,282212,#000000
98,84,282213,#000000
98,85,282214,#000000
98,86,282215,#000000
86,101,282216,#000000
87,101,282217,#000000
87,100,282218,#000000
86,100,282219,#000000
86,99,282220,#000000
86,98,282221,#000000
86,97,282222,#000000
86,96,282223,#000000
85,96,282224,#000000
85,97,282225,#000000
85,98,282226,#000000
84,95,282227,#000000
85,95,282228,#000000
85,94,282229,#000000
85,93,282230,#000000
85,92,282231,#000000
85,91,282232,#000000
85,90,282233,#000000
85,89,282234,#000000
85,88,282235,#000000
84,94,282236,#000000
84,93,282237,#000000
84,92,282238,#000000
84,91,282239,#000000
84,90,282240,#000000
84,89,282241,#000000
84,88,282242,#000000
83,89,282243,#000000
83,90,282244,#000000
83,91,282245,#000000
83,92,282246,#000000
84,87,282247,#000000
85,87,282248,#000000
85,86,282249,#000000
85,85,282250,#000000
86,122,282251,#d09018
86,121,282252,#d09018
87,120,282253,#d09018
88,121,282254,#d09018
90,121,282255,#d09018
90,122,282256,#d09018
85,120,282257,#d09018
85,119,282258,#f8e048
84,119,282259,#d09018
83,119,282260,#d09018
84,117,282261,#d09018
83,116,282262,#d09018
82,116,282263,#d09018
81,116,282264,#d09018
82,115,282265,#d09018
83,115,282266,#d09018
84,115,282267,#d09018
83,114,282268,#d09018
82,113,282269,#d09018
81,112,282270,#d09018
82,112,282271,#d09018
83,112,282272,#d09018
84,112,282273,#d09018
85,112,282274,#d09018
85,111,282275,#d09018
84,110,282276,#d09018
83,107,282277,#d09018
84,107,282278,#d09018
84,108,282279,#d09018
85,108,282280,#d09018
86,108,282281,#d09018
86,109,282282,#d09018
87,109,282283,#d09018
87,108,282284,#d09018
87,107,282285,#d09018
88,106,282286,#d09018
88,107,282287,#d09018
88,108,282288,#d09018
88,109,282289,#d09018
88,110,282290,#d09018
89,109,282291,#d09018
89,108,282292,#d09018
90,108,282293,#d09018
91,108,282294,#d09018
92,109,282295,#d09018
92,110,282296,#d09018
91,110,282297,#d09018
90,111,282298,#d09018
89,112,282299,#d09018
88,113,282300,#d09018
88,114,282301,#d09018
87,114,282302,#d09018
88,116,282303,#d09018
87,117,282304,#d09018
87,118,282305,#d09018
92,107,282306,#d09018
92,106,282307,#d09018
93,106,282308,#d09018
93,105,282309,#d09018
94,105,282310,#d09018
93,107,282311,#d09018
93,108,282312,#d09018
94,107,282313,#d09018
95,107,282314,#d09018
94,108,282315,#d09018
94,109,282316,#d09018
94,110,282317,#d09018
95,111,282318,#d09018
96,111,282319,#d09018
84,109,282320,#f8e048
85,109,282321,#f8e048
85,110,282322,#f8e048
86,110,282323,#f8e048
87,110,282324,#f8e048
87,111,282325,#f8e048
86,111,282326,#f8e048
86,112,282327,#f8e048
86,113,282328,#f8e048
85,113,282329,#f8e048
84,113,282330,#f8e048
83,113,282331,#f8e048
84,114,282332,#f8e048
85,114,282333,#f8e048
86,114,282334,#f8e048
86,115,282335,#f8e048
86,116,282336,#f8e048
85,116,282337,#f8e048
85,115,282338,#f8e048
84,116,282339,#f8e048
85,117,282340,#f8e048
86,117,282341,#f8e048
86,118,282342,#f8e048
86,119,282343,#f8e048
85,118,282344,#f8e048
84,118,282345,#f8e048
86,120,282346,#f8e048
87,119,282347,#f8e048
88,120,282348,#f8e048
89,121,282349,#f8e048
87,116,282350,#f8e048
87,115,282351,#f8e048
88,115,282352,#f8e048
87,112,282353,#f8e048
87,113,282354,#f8e048
88,112,282355,#f8e048
88,111,282356,#f8e048
89,111,282357,#f8e048
89,110,282358,#f8e048
90,110,282359,#f8e048
90,109,282360,#f8e048
91,109,282361,#f8e048
90,118,282362,#A0A0A0
90,119,282363,#A0A0A0
90,120,282364,#A0A0A0
91,120,282365,#A0A0A0
92,120,282366,#A0A0A0
92,119,282367,#A0A0A0
90,117,282368,#A0A0A0
91,115,282369,#A0A0A0
91,116,282370,#A0A0A0
92,115,282371,#A0A0A0
93,117,282372,#A0A0A0
91,117,282373,#A0A0A0
91,113,282374,#505050
92,113,282375,#505050
92,112,282376,#505050
91,112,282377,#505050
92,111,282378,#505050
93,112,282379,#505050
93,113,282380,#505050
91,119,282381,#ffffff
91,118,282382,#ffffff
92,118,282383,#ffffff
92,117,282384,#ffffff
92,116,282385,#ffffff
93,116,282386,#ffffff
93,115,282387,#ffffff
96,114,282388,#ffffff
97,114,282389,#ffffff
98,113,282390,#EDDBC5
97,119,282391,#EDDBC5
97,118,282392,#ffffff
95,116,282393,#D86020
96,117,282394,#D86020
94,119,282395,#D86020
95,113,282396,#D86020
95,112,282397,#D86020
95,110,282398,#D86020
96,110,282399,#D86020
95,108,282400,#D86020
96,108,282401,#D86020
97,110,282402,#D86020
98,111,282403,#D86020
98,112,282404,#D86020
99,111,282405,#D86020
100,112,282406,#D86020
100,113,282407,#D86020
99,113,282408,#D86020
99,114,282409,#D86020
101,115,282410,#D86020
101,114,282411,#D86020
101,117,282412,#D86020
100,118,282413,#D86020
99,117,282414,#D86020
99,116,282415,#D86020
99,119,282416,#D86020
98,120,282417,#D86020
96,120,282418,#4880B0
97,115,282419,#4880B0
96,115,282420,#4880B0
97,116,282421,#4880B0
96,116,282422,#000000
95,117,282423,#EDDBC5
95,118,282424,#EDDBC5
95,119,282425,#EDDBC5
96,118,282426,#ffffff
96,119,282427,#ffffff
97,120,282428,#EDDBC5
98,119,282429,#EDDBC5
98,118,282430,#EDDBC5
98,117,282431,#EDDBC5
98,116,282432,#EDDBC5
98,115,282433,#EDDBC5
98,114,282434,#EDDBC5
97,113,282435,#EDDBC5
97,112,282436,#EDDBC5
96,112,282437,#EDDBC5
96,113,282438,#EDDBC5
97,111,282439,#EDDBC5
95,109,282440,#EDDBC5
96,109,282441,#EDDBC5
97,109,282442,#EDDBC5
98,110,282443,#EDDBC5
99,110,282444,#EDDBC5
99,112,282445,#EDDBC5
99,115,282446,#EDDBC5
100,115,282447,#EDDBC5
100,116,282448,#EDDBC5
100,117,282449,#EDDBC5
100,114,282450,#EDDBC5
101,116,282451,#EDDBC5
99,118,282452,#EDDBC5
97,117,282453,#EDDBC5
95,122,282454,#000000
95,123,282455,#000000
95,124,282456,#000000
94,122,282457,#000000
97,122,282458,#282828
97,123,282459,#282828
97,124,282460,#282828
97,125,282461,#282828
98,125,282462,#282828
98,126,282463,#282828
97,126,282464,#282828
98,127,282465,#282828
99,127,282466,#282828
100,127,282467,#282828
100,128,282468,#282828
101,128,282469,#282828
102,129,282470,#282828
103,130,282471,#282828
103,131,282472,#282828
104,131,282473,#282828
104,132,282474,#282828
105,132,282475,#282828
105,133,282476,#282828
105,134,282477,#282828
106,134,282478,#282828
106,135,282479,#282828
99,121,282480,#282828
100,121,282481,#282828
100,122,282482,#282828
100,123,282483,#282828
101,123,282484,#282828
101,124,282485,#282828
102,124,282486,#282828
102,125,282487,#282828
103,125,282488,#282828
103,126,282489,#282828
103,127,282490,#282828
104,127,282491,#282828
104,126,282492,#282828
104,128,282493,#282828
105,128,282494,#282828
105,129,282495,#282828
106,129,282496,#282828
106,130,282497,#282828
107,130,282498,#282828
107,131,282499,#282828
108,131,282500,#282828
108,132,282501,#282828
109,132,282502,#282828
109,133,282503,#282828
110,133,282504,#282828
102,121,282505,#282828
103,121,282506,#282828
102,120,282507,#282828
101,120,282508,#282828
103,120,282509,#282828
103,119,282510,#282828
102,119,282511,#282828
104,120,282512,#282828
104,119,282513,#282828
104,118,282514,#282828
103,118,282515,#282828
105,118,282516,#282828
105,119,282517,#282828
105,120,282518,#282828
103,117,282519,#282828
103,116,282520,#282828
103,115,282521,#282828
103,114,282522,#282828
103,113,282523,#282828
103,112,282524,#282828
102,112,282525,#282828
102,111,282526,#282828
102,113,282527,#282828
101,111,282528,#282828
101,110,282529,#282828
100,109,282530,#282828
101,109,282531,#282828
102,110,282532,#282828
102,109,282533,#282828
101,108,282534,#282828
103,109,282535,#282828
103,110,282536,#282828
108,114,282537,#282828
110,113,282538,#282828
111,113,282539,#282828
112,111,282540,#282828
113,114,282541,#E84000
113,117,282542,#E84000
101,105,282543,#505050
102,105,282544,#282828
102,104,282545,#282828
103,103,282546,#505050
104,103,282547,#505050
104,102,282548,#282828
99,104,282549,#282828
100,104,282550,#282828
100,103,282551,#282828
100,102,282552,#282828
101,102,282553,#282828
101,101,282554,#282828
101,100,282555,#282828
98,122,282556,#505050
99,122,282557,#505050
99,123,282558,#505050
98,124,282559,#505050
98,123,282560,#505050
99,124,282561,#505050
100,124,282562,#505050
99,125,282563,#505050
100,125,282564,#505050
101,125,282565,#505050
101,126,282566,#505050
100,126,282567,#505050
99,126,282568,#505050
102,126,282569,#505050
102,127,282570,#505050
101,127,282571,#505050
102,128,282572,#505050
103,128,282573,#505050
103,129,282574,#505050
104,129,282575,#505050
104,130,282576,#505050
105,130,282577,#505050
105,131,282578,#505050
106,131,282579,#505050
106,132,282580,#505050
107,132,282581,#505050
107,133,282582,#505050
108,133,282583,#505050
106,133,282584,#505050
107,134,282585,#505050
108,134,282586,#505050
107,135,282587,#505050
100,105,282588,#505050
101,104,282589,#505050
101,103,282590,#505050
102,103,282591,#505050
103,102,282592,#505050
102,102,282593,#505050
102,101,282594,#505050
103,111,282595,#505050
104,111,282596,#505050
104,112,282597,#505050
105,112,282598,#505050
105,113,282599,#505050
105,114,282600,#505050
104,114,282601,#505050
104,115,282602,#505050
104,116,282603,#505050
104,113,282604,#505050
104,117,282605,#505050
105,116,282606,#505050
105,115,282607,#505050
106,114,282608,#505050
107,114,282609,#505050
106,113,282610,#505050
106,115,282611,#505050
107,115,282612,#505050
104,123,282613,#E84000
104,122,282614,#E84000
105,122,282615,#E84000
105,123,282616,#E84000
106,123,282617,#E84000
107,123,282618,#E84000
106,122,282619,#E84000
107,122,282620,#E84000
107,121,282621,#E84000
108,121,282622,#E84000
108,120,282623,#E84000
108,122,282624,#E84000
108,123,282625,#E84000
109,123,282626,#E84000
110,123,282627,#E84000
111,122,282628,#E84000
111,121,282629,#E84000
112,120,282630,#E84000
112,119,282631,#E84000
112,118,282632,#E84000
113,116,282633,#E84000
113,115,282634,#E84000
112,114,282635,#E84000
112,115,282636,#E84000
112,116,282637,#E84000
112,117,282638,#E84000
111,117,282639,#E84000
111,118,282640,#E84000
111,112,282641,#E84000
110,112,282642,#E84000
109,112,282643,#E84000
110,111,282644,#E84000
110,110,282645,#E84000
111,111,282646,#E84000
108,112,282647,#E84000
108,111,282648,#E84000
107,111,282649,#E84000
104,110,282650,#E84000
105,110,282651,#E84000
112,107,282652,#E84000
113,108,282653,#E84000
114,109,282654,#E84000
115,109,282655,#E84000
115,110,282656,#E84000
116,110,282657,#E84000
116,111,282658,#E84000
116,112,282659,#E84000
117,112,282660,#E84000
118,112,282661,#E84000
119,112,282662,#E84000
119,111,282663,#E84000
120,111,282664,#E84000
120,112,282665,#E84000
120,110,282666,#E84000
120,109,282667,#E84000
121,109,282668,#E84000
121,108,282669,#E84000
120,108,282670,#E84000
120,107,282671,#E84000
121,107,282672,#E84000
121,106,282673,#E84000
119,110,282674,#E84000
119,109,282675,#E84000
119,108,282676,#E84000
121,105,282677,#E84000
122,105,282678,#E84000
122,104,282679,#E84000
123,104,282680,#E84000
123,103,282681,#E84000
124,103,282682,#E84000
124,102,282683,#E84000
124,101,282684,#E84000
123,101,282685,#E84000
123,100,282686,#E84000
123,99,282687,#E84000
122,99,282688,#E84000
122,98,282689,#E84000
123,98,282690,#E84000
124,98,282691,#E84000
124,97,282692,#E84000
125,97,282693,#E84000
123,97,282694,#E84000
126,96,282695,#E84000
127,96,282696,#E84000
127,95,282697,#E84000
128,95,282698,#E84000
125,96,282699,#E84000
128,94,282700,#E84000
129,95,282701,#E84000
129,96,282702,#E84000
129,97,282703,#E84000
129,98,282704,#E84000
129,99,282705,#E84000
130,99,282706,#E84000
130,100,282707,#E84000
130,101,282708,#E84000
129,101,282709,#E84000
128,101,282710,#E84000
128,102,282711,#E84000
127,102,282712,#E84000
126,102,282713,#E84000
125,102,282714,#E84000
129,102,282715,#E84000
127,101,282716,#E84000
126,101,282717,#E84000
125,101,282718,#E84000
125,100,282719,#E84000
126,100,282720,#E84000
127,100,282721,#E84000
128,100,282722,#E84000
129,100,282723,#E84000
126,99,282724,#E84000
127,99,282725,#E84000
128,99,282726,#E84000
125,99,282727,#E84000
124,99,282728,#E84000
126,98,282729,#E84000
127,98,282730,#E84000
127,97,282731,#E84000
128,97,282732,#E84000
126,97,282733,#E84000
128,98,282734,#E84000
128,96,282735,#E84000
125,98,282736,#E84000
124,100,282737,#E84000
121,98,282738,#E84000
121,99,282739,#E84000
120,99,282740,#E84000
120,100,282741,#E84000
119,100,282742,#E84000
119,101,282743,#E84000
118,101,282744,#E84000
118,102,282745,#E84000
118,103,282746,#E84000
117,103,282747,#E84000
116,103,282748,#E84000
116,104,282749,#E84000
116,105,282750,#E84000
115,105,282751,#E84000
114,105,282752,#E84000
114,106,282753,#E84000
113,106,282754,#E84000
115,104,282755,#E84000
117,102,282756,#E84000
113,107,282757,#E84000
117,117,282758,#E84000
118,116,282759,#E84000
119,116,282760,#E84000
119,115,282761,#E84000
119,114,282762,#E84000
116,122,282763,#E84000
117,120,282764,#E84000
116,121,282765,#E84000
118,119,282766,#E84000
117,119,282767,#E84000
118,118,282768,#E84000
119,118,282769,#E84000
120,118,282770,#E84000
120,117,282771,#E84000
121,118,282772,#E84000
121,119,282773,#E84000
121,120,282774,#E84000
122,120,282775,#E84000
122,121,282776,#E84000
122,122,282777,#E84000
122,123,282778,#E84000
122,124,282779,#E84000
123,124,282780,#E84000
123,123,282781,#E84000
121,122,282782,#E84000
121,121,282783,#E84000
120,120,282784,#F89840
120,119,282785,#E84000
119,119,282786,#E84000
123,125,282787,#E84000
123,126,282788,#F89840
124,126,282789,#E84000
124,127,282790,#F89840
125,127,282791,#E84000
125,128,282792,#E84000
124,125,282793,#E84000
125,126,282794,#E84000
125,129,282795,#E84000
125,130,282796,#E84000
124,130,282797,#E84000
124,131,282798,#E84000
123,131,282799,#E84000
123,132,282800,#E84000
126,129,282801,#E84000
126,128,282802,#E84000
127,128,282803,#E84000
127,127,282804,#E84000
126,127,282805,#E84000
128,127,282806,#E84000
129,127,282807,#E84000
129,128,282808,#E84000
130,128,282809,#E84000
130,127,282810,#E84000
131,129,282811,#E84000
131,128,282812,#E84000
131,130,282813,#E84000
131,131,282814,#E84000
131,132,282815,#E84000
131,133,282816,#E84000
131,134,282817,#E84000
132,130,282818,#E84000
132,131,282819,#E84000
132,132,282820,#E84000
132,133,282821,#E84000
132,134,282822,#E84000
130,134,282823,#E84000
130,135,282824,#E84000
129,135,282825,#E84000
128,135,282826,#E84000
128,134,282827,#E84000
129,134,282828,#E84000
127,134,282829,#E84000
126,134,282830,#E84000
126,133,282831,#E84000
126,132,282832,#E84000
125,132,282833,#E84000
124,132,282834,#E84000
124,133,282835,#E84000
125,133,282836,#E84000
125,131,282837,#E84000
126,131,282838,#E84000
127,131,282839,#E84000
128,131,282840,#E84000
126,130,282841,#E84000
127,130,282842,#E84000
127,129,282843,#E84000
128,129,282844,#E84000
129,129,282845,#E84000
128,128,282846,#E84000
129,130,282847,#E84000
130,130,282848,#E84000
129,131,282849,#E84000
128,130,282850,#E84000
130,129,282851,#E84000
130,131,282852,#E84000
130,132,282853,#E84000
129,132,282854,#E84000
128,132,282855,#E84000
127,132,282856,#E84000
128,133,282857,#E84000
129,133,282858,#E84000
130,133,282859,#E84000
127,133,282860,#E84000
122,132,282861,#E84000
121,131,282862,#E84000
120,130,282863,#E84000
119,129,282864,#E84000
118,128,282865,#E84000
117,127,282866,#E84000
116,126,282867,#E84000
115,125,282868,#E84000
115,124,282869,#E84000
122,108,282870,#E84000
122,107,282871,#E84000
122,106,282872,#E84000
123,106,282873,#E84000
123,105,282874,#E84000
124,104,282875,#E84000
121,110,282876,#E84000
125,103,282877,#E84000
128,93,282878,#000000
129,93,282879,#000000
114,108,282880,#F89840
114,107,282881,#F89840
115,107,282882,#F89840
115,108,282883,#F89840
115,106,282884,#F89840
116,106,282885,#F89840
116,107,282886,#F89840
116,108,282887,#F89840
116,109,282888,#F89840
117,109,282889,#F89840
117,110,282890,#F89840
117,111,282891,#F89840
118,111,282892,#F89840
118,110,282893,#F89840
118,109,282894,#F89840
118,108,282895,#F89840
118,107,282896,#F89840
118,106,282897,#F89840
117,106,282898,#F89840
117,107,282899,#F89840
117,108,282900,#F89840
117,105,282901,#F89840
117,104,282902,#F89840
118,104,282903,#F89840
118,105,282904,#F89840
119,105,282905,#F89840
119,104,282906,#F89840
119,103,282907,#F89840
119,102,282908,#F89840
120,102,282909,#F89840
120,101,282910,#F89840
121,101,282911,#F89840
122,101,282912,#F89840
122,100,282913,#F89840
121,100,282914,#F89840
122,102,282915,#F89840
123,102,282916,#F89840
121,102,282917,#F89840
121,103,282918,#F89840
122,103,282919,#F89840
120,103,282920,#F89840
120,104,282921,#F89840
121,104,282922,#F89840
120,105,282923,#F89840
120,106,282924,#F89840
119,106,282925,#F89840
119,107,282926,#F89840
116,124,282927,#F89840
116,123,282928,#F89840
116,125,282929,#F89840
117,123,282930,#F89840
117,122,282931,#F89840
117,121,282932,#F89840
118,121,282933,#F89840
118,120,282934,#F89840
119,120,282935,#F89840
120,121,282936,#F89840
119,121,282937,#F89840
119,122,282938,#F89840
120,122,282939,#F89840
118,123,282940,#F89840
118,124,282941,#F89840
119,124,282942,#F89840
118,122,282943,#F89840
117,124,282944,#F89840
117,125,282945,#F89840
117,126,282946,#F89840
118,125,282947,#F89840
119,123,282948,#F89840
120,123,282949,#F89840
120,124,282950,#F89840
121,123,282951,#F89840
121,124,282952,#F89840
121,125,282953,#F89840
120,125,282954,#F89840
119,125,282955,#F89840
120,126,282956,#F89840
119,126,282957,#F89840
118,126,282958,#F89840
120,127,282959,#F89840
119,127,282960,#F89840
118,127,282961,#F89840
119,128,282962,#F89840
120,128,282963,#F89840
120,129,282964,#F89840
121,129,282965,#F89840
121,130,282966,#F89840
122,130,282967,#F89840
122,131,282968,#F89840
123,130,282969,#F89840
123,129,282970,#F89840
122,129,282971,#F89840
122,128,282972,#F89840
121,128,282973,#F89840
121,127,282974,#F89840
122,127,282975,#F89840
123,127,282976,#F89840
122,126,282977,#F89840
121,126,282978,#F89840
122,125,282979,#F89840
123,128,282980,#F89840
124,128,282981,#F89840
124,129,282982,#F89840
105,111,282983,#F89840
106,111,282984,#F89840
106,112,282985,#F89840
107,112,282986,#F89840
107,113,282987,#F89840
108,113,282988,#F89840
109,113,282989,#F89840
109,111,282990,#F89840
109,110,282991,#F89840
105,117,282992,#F89840
106,117,282993,#F89840
106,116,282994,#F89840
107,116,282995,#F89840
108,116,282996,#F89840
109,116,282997,#F89840
110,116,282998,#F89840
111,116,282999,#F89840
111,115,283000,#F89840
110,117,283001,#F89840
109,117,283002,#F89840
108,117,283003,#F89840
107,117,283004,#F89840
108,118,283005,#F89840
109,118,283006,#F89840
110,118,283007,#F89840
107,118,283008,#F89840
106,118,283009,#F89840
106,119,283010,#F89840
107,119,283011,#F89840
108,119,283012,#F89840
109,119,283013,#F89840
106,120,283014,#F89840
107,120,283015,#F89840
106,121,283016,#F89840
105,121,283017,#F89840
104,121,283018,#F89840
109,120,283019,#F89840
110,120,283020,#F89840
110,119,283021,#F89840
111,120,283022,#F89840
111,119,283023,#F89840
109,121,283024,#F89840
110,121,283025,#F89840
110,122,283026,#F89840
109,122,283027,#F89840
117,116,283028,#F89840
117,114,283029,#F89840
117,115,283030,#F89840
118,114,283031,#F89840
118,115,283032,#F89840
130,97,283033,#F89840
131,97,283034,#F89840
131,96,283035,#F89840
130,96,283036,#F89840
131,98,283037,#F89840
130,98,283038,#F89840
132,98,283039,#F89840
132,97,283040,#F89840
132,99,283041,#F89840
131,99,283042,#F89840
131,100,283043,#F89840
131,101,283044,#F89840
106,96,283045,#D86020
106,97,283046,#D86020
105,99,283047,#D86020
105,100,283048,#D86020
104,100,283049,#D86020
103,100,283050,#D86020
104,99,283051,#D86020
104,98,283052,#D86020
102,99,283053,#D86020
103,97,283054,#D86020
103,96,283055,#D86020
100,97,283056,#D86020
101,96,283057,#D86020
105,95,283058,#D86020
105,94,283059,#D86020
103,93,283060,#D86020
102,93,283061,#D86020
102,94,283062,#D86020
104,97,283063,#D86020
105,97,283064,#F89040
105,96,283065,#F89040
104,96,283066,#F8E8C8
104,95,283067,#F89040
104,94,283068,#F89040
103,94,283069,#F8E8C8
106,98,283070,#F89040
103,99,283071,#F89040
102,98,283072,#F89040
103,95,283073,#F8E8C8
102,95,283074,#F8E8C8
101,94,283075,#F8E8C8
101,93,283076,#F8E8C8
100,96,283077,#F8E8C8
101,97,283078,#F8E8C8
103,98,283079,#F8E8C8
105,98,283080,#F8E8C8
136,92,283081,#F8E8C8
137,92,283082,#F8E8C8
137,91,283083,#F89040
137,90,283084,#D86020
137,93,283085,#D86020
137,94,283086,#F89040
136,94,283087,#F89040
136,93,283088,#F8E8C8
137,136,283089,#F89040
137,134,283090,#F8E8C8
138,134,283091,#F89040
138,135,283092,#D86020
138,136,283093,#F8E8C8
138,137,283094,#D86020
137,137,283095,#F8E8C8
137,138,283096,#F89040
138,138,283097,#D86020
137,133,283098,#F89040
114,140,283099,#D86020
113,140,283100,#D86020
115,138,283101,#D86020
114,136,283102,#D86020
113,137,283103,#D86020
112,136,283104,#D86020
110,138,283105,#D86020
111,139,283106,#D86020
111,140,283107,#D86020
111,141,283108,#D86020
110,140,283109,#D86020
109,142,283110,#D86020
115,139,283111,#F89040
114,139,283112,#F89040
113,139,283113,#F89040
114,137,283114,#F89040
114,138,283115,#F89040
113,136,283116,#F89040
112,137,283117,#F89040
111,137,283118,#F89040
111,138,283119,#F89040
112,138,283120,#F89040
113,138,283121,#F89040
112,139,283122,#F89040
112,140,283123,#F89040
110,139,283124,#F89040
110,141,283125,#F89040
115,137,283126,#F8C880
116,137,283127,#F8C880
115,136,283128,#F8C880
117,136,283129,#F8C880
111,135,283130,#F8C880
112,135,283131,#F8C880
109,135,283132,#F8C880
109,137,283133,#F8C880
110,137,283134,#F8C880
107,137,283135,#F8C880
109,139,283136,#F8C880
106,140,283137,#F8C880
109,141,283138,#F8C880
108,142,283139,#F8C880
107,143,283140,#F8C880
117,135,283141,#F8E8C8
116,135,283142,#F8E8C8
116,136,283143,#F8E8C8
110,135,283144,#F8E8C8
108,137,283145,#F8E8C8
107,138,283146,#F8E8C8
108,139,283147,#F8E8C8
108,140,283148,#F8E8C8
108,141,283149,#F8E8C8
109,140,283150,#F8E8C8
107,140,283151,#F8E8C8
135,135,283152,#A0A0A0
135,134,283153,#A0A0A0
134,134,283154,#A0A0A0
134,93,283155,#A0A0A0
135,92,283156,#A0A0A0
134,135,283157,#505050
135,136,283158,#505050
134,136,283159,#505050
135,137,283160,#282828
136,137,283161,#505050
136,136,283162,#505050
136,135,283163,#505050
136,134,283164,#505050
136,133,283165,#505050
135,133,283166,#505050
134,133,283167,#505050
135,132,283168,#282828
136,132,283169,#282828
137,132,283170,#282828
138,133,283171,#282828
138,132,283172,#282828
139,133,283173,#282828
139,134,283174,#282828
139,135,283175,#282828
139,136,283176,#282828
139,137,283177,#282828
139,138,283178,#282828
139,139,283179,#282828
138,139,283180,#282828
134,132,283181,#282828
137,135,283182,#F89040
137,95,283183,#D86020
136,90,283184,#505050
136,91,283185,#505050
135,91,283186,#505050
135,93,283187,#505050
135,95,283188,#505050
135,94,283189,#505050
134,94,283190,#505050
133,94,283191,#505050
132,95,283192,#282828
133,95,283193,#282828
134,95,283194,#282828
134,96,283195,#282828
133,96,283196,#282828
135,96,283197,#282828
135,97,283198,#282828
134,97,283199,#282828
134,98,283200,#282828
134,99,283201,#282828
135,99,283202,#282828
135,98,283203,#282828
136,97,283204,#282828
137,97,283205,#282828
137,96,283206,#282828
136,96,283207,#282828
136,95,283208,#282828
136,98,283209,#282828
136,99,283210,#282828
138,94,283211,#282828
138,93,283212,#282828
138,95,283213,#282828
138,92,283214,#282828
138,91,283215,#282828
138,90,283216,#282828
138,89,283217,#282828
137,89,283218,#282828
