138,131,66773,#000000
137,131,66774,#000000
136,131,66775,#000000
139,132,66776,#000000
140,133,66777,#000000
140,134,66778,#000000
140,135,66779,#000000
140,136,66780,#000000
140,137,66781,#000000
140,138,66782,#000000
140,139,66783,#000000
140,140,66784,#000000
139,141,66785,#000000
138,140,66786,#000000
137,140,66787,#000000
136,139,66788,#000000
135,138,66789,#000000
134,137,66790,#000000
133,136,66791,#000000
135,130,66792,#000000
134,130,66793,#000000
134,129,66794,#000000
134,128,66795,#000000
134,127,66796,#000000
133,135,66797,#000000
132,134,66798,#000000
132,133,66799,#000000
131,133,66800,#000000
130,133,66801,#000000
129,132,66802,#000000
128,132,66803,#000000
133,126,66804,#000000
132,125,66805,#000000
131,124,66806,#000000
130,123,66807,#000000
130,122,66808,#000000
129,121,66809,#000000
128,120,66810,#000000
127,131,66811,#000000
127,130,66812,#000000
127,129,66813,#000000
126,129,66814,#000000
125,128,66815,#000000
127,120,66816,#000000
124,127,66817,#000000
123,127,66818,#000000
122,127,66819,#000000
121,127,66820,#000000
120,127,66821,#000000
126,119,66822,#000000
125,119,66823,#000000
124,118,66824,#000000
123,118,66825,#000000
122,117,66826,#000000
120,116,66827,#000000
121,116,66828,#000000
121,115,66829,#000000
120,115,66830,#000000
120,114,66831,#000000
120,113,66832,#000000
121,112,66833,#000000
121,111,66834,#000000
122,110,66835,#000000
122,109,66836,#000000
123,108,66837,#000000
123,107,66838,#000000
124,106,66839,#000000
124,105,66840,#000000
125,104,66841,#000000
126,104,66842,#000000
127,104,66843,#000000
128,104,66844,#000000
129,104,66845,#000000
130,103,66846,#000000
131,103,66847,#000000
132,102,66848,#000000
132,101,66849,#000000
133,101,66850,#000000
134,101,66851,#000000
135,101,66852,#000000
136,101,66853,#000000
137,100,66854,#000000
137,99,66855,#000000
138,98,66856,#000000
138,97,66857,#000000
139,96,66858,#000000
139,95,66859,#000000
139,94,66860,#000000
139,93,66861,#000000
139,92,66862,#000000
139,91,66863,#000000
139,90,66864,#000000
138,90,66865,#000000
137,89,66866,#000000
138,89,66867,#000000
136,90,66868,#000000
135,91,66869,#000000
134,92,66870,#000000
134,93,66871,#000000
133,94,66872,#000000
132,95,66873,#000000
130,95,66874,#000000
129,94,66875,#000000
128,94,66876,#000000
131,96,66877,#000000
132,97,66878,#000000
133,98,66879,#282828
133,99,66880,#000000
133,100,66881,#000000
127,95,66882,#000000
126,95,66883,#000000
125,96,66884,#000000
124,96,66885,#000000
123,97,66886,#000000
122,97,66887,#000000
121,97,66888,#000000
120,98,66889,#000000
119,99,66890,#000000
118,100,66891,#000000
117,101,66892,#000000
116,102,66893,#000000
115,103,66894,#000000
114,104,66895,#000000
113,105,66896,#000000
112,106,66897,#000000
112,107,66898,#000000
111,108,66899,#000000
110,109,66900,#000000
109,110,66901,#000000
109,111,66902,#000000
109,112,66903,#000000
108,109,66904,#000000
107,108,66905,#000000
106,107,66906,#000000
105,107,66907,#000000
104,108,66908,#000000
112,109,66909,#000000
113,110,66910,#000000
114,111,66911,#000000
114,112,66912,#000000
115,113,66913,#000000
116,113,66914,#000000
117,113,66915,#000000
118,113,66916,#000000
119,113,66917,#000000
118,117,66918,#000000
119,117,66919,#000000
117,118,66920,#000000
116,118,66921,#000000
115,114,66922,#000000
115,115,66923,#000000
115,116,66924,#000000
115,117,66925,#000000
115,118,66926,#000000
115,119,66927,#000000
115,120,66928,#000000
115,121,66929,#000000
115,122,66930,#000000
114,123,66931,#000000
114,124,66932,#000000
114,125,66933,#000000
115,125,66934,#000000
116,125,66935,#000000
117,126,66936,#000000
118,126,66937,#000000
119,126,66938,#000000
113,125,66939,#000000
112,125,66940,#000000
111,126,66941,#000000
110,126,66942,#000000
109,126,66943,#000000
108,126,66944,#000000
107,127,66945,#000000
106,127,66946,#000000
105,127,66947,#000000
104,127,66948,#000000
104,126,66949,#000000
104,125,66950,#000000
110,113,66951,#000000
110,114,66952,#000000
110,115,66953,#000000
109,116,66954,#000000
108,117,66955,#000000
107,118,66956,#000000
106,118,66957,#000000
106,119,66958,#000000
105,119,66959,#000000
104,118,66960,#000000
104,112,66961,#000000
104,113,66962,#000000
103,111,66963,#000000
103,110,66964,#000000
103,108,66965,#000000
102,109,66966,#000000
103,127,66967,#000000
102,127,66968,#000000
101,127,66969,#000000
100,127,66970,#000000
99,127,66971,#000000
98,127,66972,#282828
97,127,66973,#282828
96,127,66974,#000000
99,120,66975,#000000
99,121,66976,#000000
100,122,66977,#000000
100,123,66978,#000000
100,124,66979,#000000
103,126,66980,#000000
103,125,66981,#000000
99,119,66982,#000000
99,118,66983,#000000
99,117,66984,#000000
99,116,66985,#000000
99,115,66986,#000000
99,114,66987,#000000
99,113,66988,#000000
99,112,66989,#000000
100,114,66990,#000000
101,114,66991,#000000
102,113,66992,#000000
103,113,66993,#000000
103,112,66994,#000000
103,114,66995,#000000
103,115,66996,#000000
102,116,66997,#000000
102,117,66998,#000000
102,118,66999,#000000
103,119,67000,#000000
101,110,67001,#000000
100,111,67002,#000000
100,110,67003,#000000
100,109,67004,#000000
100,108,67005,#000000
100,107,67006,#000000
100,106,67007,#000000
101,105,67008,#000000
102,104,67009,#000000
103,103,67010,#000000
103,102,67011,#000000
103,101,67012,#000000
104,100,67013,#000000
104,99,67014,#000000
103,98,67015,#000000
102,98,67016,#000000
101,98,67017,#000000
100,98,67018,#000000
100,97,67019,#000000
99,96,67020,#000000
98,96,67021,#000000
98,97,67022,#000000
98,98,67023,#000000
98,99,67024,#000000
98,100,67025,#000000
97,101,67026,#000000
97,102,67027,#000000
96,103,67028,#000000
102,100,67029,#000000
102,101,67030,#000000
102,102,67031,#000000
102,103,67032,#000000
95,104,67033,#000000
95,105,67034,#000000
95,106,67035,#000000
95,107,67036,#000000
94,108,67037,#000000
94,109,67038,#000000
94,110,67039,#000000
94,111,67040,#000000
94,112,67041,#000000
94,113,67042,#000000
94,114,67043,#000000
94,115,67044,#000000
94,116,67045,#000000
94,117,67046,#000000
94,118,67047,#000000
94,119,67048,#000000
91,111,67049,#000000
91,110,67050,#000000
90,111,67051,#000000
91,112,67052,#000000
91,113,67053,#000000
90,113,67054,#000000
92,113,67055,#000000
93,114,67056,#000000
89,112,67057,#000000
88,112,67058,#000000
88,114,67059,#000000
89,115,67060,#000000
89,116,67061,#000000
90,116,67062,#000000
90,117,67063,#000000
88,118,67064,#000000
89,118,67065,#000000
90,118,67066,#000000
90,119,67067,#000000
91,119,67068,#000000
93,120,67069,#000000
93,121,67070,#000000
93,122,67071,#000000
93,123,67072,#000000
93,124,67073,#000000
94,125,67074,#000000
95,126,67075,#000000
94,127,67076,#000000
93,127,67077,#000000
92,127,67078,#000000
91,127,67079,#000000
90,127,67080,#000000
89,127,67081,#000000
88,127,67082,#000000
88,126,67083,#000000
89,124,67084,#000000
89,123,67085,#000000
90,122,67086,#000000
90,121,67087,#000000
90,120,67088,#000000
91,120,67089,#000000
91,124,67090,#000000
92,121,67091,#505050
87,128,67092,#000000
87,129,67093,#000000
87,130,67094,#000000
86,129,67095,#000000
85,128,67096,#000000
83,128,67097,#000000
83,129,67098,#000000
82,128,67099,#000000
81,127,67100,#000000
80,126,67101,#000000
84,127,67102,#000000
83,127,67103,#000000
87,126,67104,#000000
86,126,67105,#000000
85,126,67106,#000000
85,125,67107,#000000
85,124,67108,#000000
85,123,67109,#000000
85,122,67110,#000000
85,121,67111,#000000
85,120,67112,#000000
86,120,67113,#000000
86,121,67114,#000000
86,122,67115,#000000
84,123,67116,#000000
84,124,67117,#000000
85,119,67118,#000000
85,118,67119,#000000
86,118,67120,#000000
86,119,67121,#000000
87,118,67122,#000000
86,117,67123,#000000
87,112,67124,#000000
86,112,67125,#000000
85,112,67126,#000000
87,116,67127,#000000
84,112,67128,#000000
85,113,67129,#000000
86,113,67130,#000000
87,113,67131,#000000
82,112,67132,#000000
82,113,67133,#000000
81,113,67134,#000000
80,112,67135,#000000
80,116,67136,#000000
79,126,67137,#000000
78,126,67138,#000000
77,126,67139,#000000
76,126,67140,#000000
77,125,67141,#000000
78,124,67142,#000000
79,123,67143,#000000
79,122,67144,#000000
78,122,67145,#000000
77,122,67146,#000000
76,122,67147,#000000
75,122,67148,#000000
76,121,67149,#000000
77,120,67150,#000000
78,119,67151,#000000
77,118,67152,#000000
76,117,67153,#000000
75,116,67154,#000000
76,116,67155,#000000
77,116,67156,#000000
78,116,67157,#000000
79,116,67158,#000000
79,115,67159,#000000
79,114,67160,#000000
78,113,67161,#000000
78,112,67162,#000000
79,112,67163,#000000
78,111,67164,#000000
82,111,67165,#000000
82,110,67166,#000000
83,111,67167,#000000
86,128,67168,#d09018
86,127,67169,#d09018
85,127,67170,#d09018
87,127,67171,#000000
84,122,67172,#000000
84,126,67173,#d09018
83,126,67174,#d09018
83,125,67175,#d09018
82,126,67176,#d09018
82,127,67177,#d09018
81,126,67178,#d09018
81,125,67179,#d09018
81,124,67180,#d09018
79,124,67181,#d09018
80,124,67182,#d09018
80,125,67183,#d09018
79,125,67184,#d09018
78,125,67185,#d09018
80,122,67186,#d09018
79,121,67187,#d09018
78,121,67188,#d09018
77,121,67189,#d09018
78,120,67190,#d09018
79,120,67191,#d09018
79,119,67192,#d09018
80,120,67193,#d09018
78,118,67194,#d09018
77,117,67195,#d09018
78,117,67196,#d09018
79,117,67197,#d09018
80,117,67198,#d09018
81,117,67199,#d09018
81,116,67200,#d09018
80,115,67201,#d09018
80,114,67202,#d09018
80,113,67203,#d09018
79,113,67204,#d09018
81,114,67205,#d09018
82,114,67206,#d09018
83,114,67207,#d09018
83,113,67208,#d09018
83,112,67209,#d09018
84,113,67210,#d09018
84,114,67211,#d09018
84,115,67212,#d09018
85,114,67213,#d09018
86,114,67214,#d09018
87,114,67215,#d09018
87,115,67216,#d09018
86,116,67217,#d09018
85,117,67218,#d09018
84,118,67219,#d09018
84,119,67220,#d09018
83,119,67221,#d09018
84,121,67222,#d09018
83,122,67223,#d09018
83,123,67224,#d09018
88,113,67225,#d09018
89,113,67226,#d09018
89,114,67227,#d09018
90,112,67228,#d09018
90,115,67229,#d09018
91,115,67230,#d09018
92,115,67231,#d09018
93,115,67232,#d09018
91,121,67233,#d09018
92,122,67234,#d09018
79,118,67235,#f8e048
80,118,67236,#f8e048
81,118,67237,#f8e048
82,118,67238,#f8e048
83,118,67239,#f8e048
82,117,67240,#f8e048
82,116,67241,#f8e048
82,115,67242,#f8e048
81,115,67243,#f8e048
83,115,67244,#f8e048
83,116,67245,#f8e048
83,117,67246,#f8e048
84,117,67247,#f8e048
84,116,67248,#f8e048
85,116,67249,#f8e048
85,115,67250,#f8e048
86,115,67251,#f8e048
80,119,67252,#f8e048
81,119,67253,#f8e048
82,119,67254,#f8e048
81,120,67255,#f8e048
82,120,67256,#f8e048
83,120,67257,#f8e048
84,120,67258,#f8e048
80,121,67259,#f8e048
81,121,67260,#f8e048
82,121,67261,#f8e048
83,121,67262,#f8e048
81,122,67263,#f8e048
82,122,67264,#f8e048
80,123,67265,#f8e048
81,123,67266,#f8e048
82,123,67267,#f8e048
82,124,67268,#f8e048
82,125,67269,#f8e048
83,124,67270,#f8e048
84,125,67271,#f8e048
87,117,67272,#505050
88,117,67273,#505050
89,117,67274,#505050
88,116,67275,#505050
88,115,67276,#505050
87,119,67277,#a0a0a0
87,120,67278,#a0a0a0
87,121,67279,#a0a0a0
87,122,67280,#a0a0a0
86,123,67281,#a0a0a0
86,124,67282,#a0a0a0
86,125,67283,#a0a0a0
87,125,67284,#a0a0a0
88,125,67285,#a0a0a0
89,125,67286,#000000
88,124,67287,#a0a0a0
89,122,67288,#a0a0a0
88,120,67289,#a0a0a0
89,120,67290,#a0a0a0
88,119,67291,#ffffff
89,119,67292,#ffffff
88,121,67293,#ffffff
89,121,67294,#ffffff
88,122,67295,#ffffff
88,123,67296,#ffffff
87,123,67297,#ffffff
87,124,67298,#ffffff
90,114,67299,#d86020
91,114,67300,#d86020
91,116,67301,#d86020
91,117,67302,#d86020
90,123,67303,#d86020
90,124,67304,#d86020
89,126,67305,#d86020
94,126,67306,#d86020
92,114,67307,#f8c880
92,116,67308,#f8c880
92,117,67309,#f8c880
93,116,67310,#f8c880
91,122,67311,#f8c880
91,123,67312,#f8c880
93,125,67313,#f8c880
93,126,67314,#f8c880
91,125,67315,#3bc6f8
92,125,67316,#3bc6f8
92,124,67317,#3bc6f8
92,118,67318,#3bc6f8
92,119,67319,#3bc6f8
93,119,67320,#3bc6f8
93,118,67321,#3bc6f8
90,125,67322,#000000
90,126,67323,#000000
93,117,67324,#f8ebce
91,118,67325,#f8ebce
92,120,67326,#ffffff
92,123,67327,#ffffff
91,126,67328,#ffffff
92,126,67329,#ffffff
95,127,67330,#ffffff
94,120,67331,#282828
94,124,67332,#282828
95,125,67333,#282828
94,123,67334,#282828
94,122,67335,#282828
94,121,67336,#282828
95,120,67337,#505050
95,121,67338,#505050
95,122,67339,#505050
95,123,67340,#505050
95,124,67341,#282828
96,126,67342,#282828
100,125,67343,#282828
100,126,67344,#282828
101,126,67345,#282828
102,126,67346,#282828
102,125,67347,#282828
102,124,67348,#282828
102,123,67349,#282828
102,122,67350,#282828
102,121,67351,#282828
102,120,67352,#282828
100,120,67353,#282828
101,120,67354,#282828
100,121,67355,#282828
101,121,67356,#282828
101,122,67357,#282828
101,123,67358,#282828
101,124,67359,#282828
101,125,67360,#282828
103,124,67361,#282828
103,123,67362,#282828
103,122,67363,#282828
103,121,67364,#282828
103,120,67365,#282828
99,123,67366,#282828
99,122,67367,#282828
98,121,67368,#282828
98,120,67369,#282828
96,120,67370,#505050
97,120,67371,#505050
97,121,67372,#505050
96,121,67373,#505050
96,122,67374,#505050
97,122,67375,#505050
96,123,67376,#505050
96,124,67377,#505050
96,125,67378,#282828
97,125,67379,#505050
97,126,67380,#505050
98,126,67381,#505050
99,126,67382,#505050
99,125,67383,#505050
98,124,67384,#505050
97,124,67385,#505050
98,125,67386,#505050
99,124,67387,#505050
98,123,67388,#505050
97,123,67389,#505050
98,122,67390,#505050
95,119,67391,#282828
95,118,67392,#282828
95,117,67393,#282828
95,116,67394,#282828
95,115,67395,#282828
95,114,67396,#282828
95,113,67397,#282828
95,112,67398,#282828
95,109,67399,#282828
95,110,67400,#282828
95,111,67401,#282828
95,108,67402,#282828
99,106,67403,#282828
99,107,67404,#282828
99,108,67405,#282828
99,109,67406,#282828
99,110,67407,#282828
99,111,67408,#282828
98,113,67409,#282828
98,114,67410,#282828
98,115,67411,#282828
98,116,67412,#282828
98,117,67413,#282828
98,118,67414,#282828
98,119,67415,#282828
97,118,67416,#282828
97,117,67417,#282828
97,116,67418,#282828
96,119,67419,#282828
97,119,67420,#505050
96,118,67421,#505050
96,117,67422,#505050
96,116,67423,#505050
96,115,67424,#505050
96,114,67425,#505050
96,113,67426,#505050
96,112,67427,#505050
96,111,67428,#505050
96,110,67429,#505050
96,109,67430,#505050
96,108,67431,#282828
96,107,67432,#282828
96,106,67433,#282828
97,106,67434,#282828
97,107,67435,#505050
97,108,67436,#505050
97,109,67437,#505050
97,110,67438,#505050
97,111,67439,#505050
97,112,67440,#505050
97,113,67441,#505050
97,114,67442,#505050
97,115,67443,#505050
98,112,67444,#505050
98,111,67445,#505050
98,110,67446,#505050
98,109,67447,#505050
98,108,67448,#505050
98,107,67449,#505050
98,106,67450,#282828
100,119,67451,#282828
101,119,67452,#282828
102,119,67453,#282828
100,118,67454,#282828
101,118,67455,#282828
101,117,67456,#282828
100,117,67457,#282828
100,116,67458,#282828
100,115,67459,#282828
101,115,67460,#282828
101,116,67461,#282828
102,115,67462,#282828
102,114,67463,#282828
100,113,67464,#282828
101,113,67465,#282828
100,112,67466,#282828
101,112,67467,#282828
102,112,67468,#282828
103,118,67469,#fb9043
103,117,67470,#f8c880
103,116,67471,#f8ebce
101,111,67472,#282828
102,111,67473,#282828
102,110,67474,#282828
103,109,67475,#282828
102,99,67476,#d86020
101,100,67477,#d86020
101,104,67478,#d86020
100,105,67479,#d86020
101,99,67480,#fb9043
100,99,67481,#fb9043
99,97,67482,#fb9043
103,99,67483,#fb9043
103,100,67484,#fb9043
101,101,67485,#fb9043
101,102,67486,#fb9043
101,103,67487,#fb9043
100,104,67488,#fb9043
99,105,67489,#fb9043
96,104,67490,#f8c880
97,103,67491,#fb9043
98,102,67492,#fb9043
98,101,67493,#fb9043
96,105,67494,#f8c880
97,105,67495,#f8c880
98,105,67496,#f8c880
97,104,67497,#f8c880
98,104,67498,#f8c880
99,104,67499,#f8c880
98,103,67500,#f8c880
99,103,67501,#f8c880
100,103,67502,#f8c880
99,102,67503,#f8c880
100,102,67504,#f8c880
99,101,67505,#f8c880
100,101,67506,#f8c880
99,100,67507,#f8c880
100,100,67508,#f8c880
99,99,67509,#f8c880
99,98,67510,#f8c880
105,108,67511,#282828
106,108,67512,#282828
106,109,67513,#282828
107,109,67514,#282828
107,110,67515,#282828
108,110,67516,#282828
108,111,67517,#282828
111,109,67518,#282828
111,110,67519,#282828
111,111,67520,#282828
110,110,67521,#282828
110,111,67522,#fb9043
104,111,67523,#505050
104,110,67524,#505050
104,109,67525,#505050
105,109,67526,#505050
105,110,67527,#505050
105,111,67528,#505050
106,111,67529,#505050
107,111,67530,#505050
106,110,67531,#505050
105,112,67532,#505050
110,112,67533,#e84000
111,112,67534,#e84000
111,115,67535,#e84000
111,116,67536,#e84000
111,117,67537,#e84000
111,118,67538,#e84000
111,119,67539,#e84000
110,119,67540,#e84000
110,118,67541,#e84000
110,117,67542,#e84000
110,116,67543,#e84000
109,115,67544,#d86020
108,115,67545,#d86020
109,113,67546,#d86020
108,112,67547,#d86020
107,114,67548,#d86020
106,117,67549,#d86020
104,117,67550,#d86020
104,116,67551,#d86020
105,118,67552,#fb9043
109,114,67553,#fb9043
111,113,67554,#282828
111,114,67555,#282828
108,113,67556,#f8c880
107,112,67557,#f8c880
107,117,67558,#f8c880
105,117,67559,#f8c880
108,116,67560,#f8c880
107,116,67561,#f8c880
107,115,67562,#f8c880
106,116,67563,#f8c880
105,116,67564,#f8c880
106,115,67565,#f8c880
108,114,67566,#f8c880
107,113,67567,#f8c880
106,112,67568,#f8c880
105,113,67569,#f8c880
104,114,67570,#f8c880
104,115,67571,#f8ebce
105,115,67572,#f8ebce
105,114,67573,#f8ebce
106,114,67574,#f8ebce
106,113,67575,#f8ebce
111,120,67576,#e84000
110,120,67577,#e84000
110,121,67578,#e84000
110,122,67579,#e84000
109,121,67580,#e84000
109,122,67581,#e84000
109,123,67582,#e84000
109,124,67583,#e84000
109,125,67584,#e84000
110,123,67585,#000000
111,123,67586,#000000
111,122,67587,#000000
111,121,67588,#000000
110,124,67589,#282828
110,125,67590,#282828
111,125,67591,#282828
111,124,67592,#282828
108,125,67593,#e84000
107,125,67594,#e84000
106,125,67595,#e84000
105,125,67596,#e84000
105,126,67597,#e84000
106,126,67598,#e84000
107,126,67599,#e84000
104,124,67600,#e84000
104,123,67601,#e84000
104,122,67602,#e84000
105,122,67603,#e84000
105,121,67604,#e84000
105,123,67605,#e84000
105,124,67606,#e84000
106,123,67607,#e84000
106,124,67608,#e84000
107,124,67609,#e84000
108,124,67610,#e84000
108,123,67611,#e84000
107,123,67612,#e84000
108,122,67613,#e84000
107,122,67614,#e84000
107,121,67615,#f89840
108,120,67616,#f89840
107,120,67617,#f89840
106,121,67618,#f89840
106,122,67619,#f89840
106,120,67620,#f89840
105,120,67621,#f89840
104,120,67622,#f89840
104,121,67623,#f89840
104,119,67624,#f89840
108,121,67625,#f89840
108,119,67626,#f89840
107,119,67627,#f89840
108,118,67628,#f89840
109,118,67629,#f89840
109,117,67630,#f89840
109,120,67631,#f89840
109,119,67632,#f89840
112,110,67633,#282828
112,111,67634,#282828
112,112,67635,#282828
112,113,67636,#282828
112,114,67637,#282828
112,115,67638,#282828
112,116,67639,#e84000
112,117,67640,#282828
112,118,67641,#282828
112,119,67642,#282828
112,120,67643,#282828
112,121,67644,#282828
112,122,67645,#282828
112,123,67646,#282828
112,124,67647,#282828
113,111,67648,#282828
113,112,67649,#282828
113,113,67650,#282828
113,114,67651,#282828
113,115,67652,#282828
113,116,67653,#282828
113,117,67654,#282828
113,118,67655,#282828
113,119,67656,#282828
113,120,67657,#282828
113,121,67658,#282828
113,122,67659,#282828
113,123,67660,#282828
113,124,67661,#282828
114,114,67662,#282828
114,115,67663,#282828
114,116,67664,#282828
114,117,67665,#282828
114,118,67666,#282828
114,119,67667,#282828
114,120,67668,#282828
114,121,67669,#282828
114,122,67670,#282828
114,113,67671,#282828
116,114,67672,#e84000
116,115,67673,#e84000
116,116,67674,#e84000
116,117,67675,#e84000
117,117,67676,#e84000
118,114,67677,#e84000
118,115,67678,#e84000
118,116,67679,#e84000
119,114,67680,#e84000
119,115,67681,#e84000
119,116,67682,#e84000
117,125,67683,#e84000
115,124,67684,#e84000
116,124,67685,#e84000
116,123,67686,#e84000
115,123,67687,#e84000
116,122,67688,#e84000
116,121,67689,#e84000
116,120,67690,#e84000
116,119,67691,#e84000
117,119,67692,#e84000
117,120,67693,#e84000
117,121,67694,#e84000
118,118,67695,#e84000
119,118,67696,#e84000
119,119,67697,#e84000
120,117,67698,#e84000
120,118,67699,#e84000
120,119,67700,#e84000
121,119,67701,#e84000
121,118,67702,#e84000
121,117,67703,#e84000
122,119,67704,#e84000
122,118,67705,#e84000
123,119,67706,#e84000
124,119,67707,#e84000
123,120,67708,#e84000
124,120,67709,#e84000
125,120,67710,#e84000
126,120,67711,#e84000
126,121,67712,#e84000
127,122,67713,#e84000
127,121,67714,#e84000
125,127,67715,#e84000
126,127,67716,#e84000
126,126,67717,#e84000
127,126,67718,#e84000
127,125,67719,#e84000
127,127,67720,#e84000
127,128,67721,#e84000
126,128,67722,#e84000
120,126,67723,#e84000
121,126,67724,#e84000
122,126,67725,#e84000
128,129,67726,#e84000
128,130,67727,#e84000
128,131,67728,#e84000
128,126,67729,#e84000
128,127,67730,#e84000
129,127,67731,#e84000
129,128,67732,#e84000
129,126,67733,#e84000
128,128,67734,#e84000
129,129,67735,#e84000
130,129,67736,#e84000
131,129,67737,#e84000
131,130,67738,#e84000
131,131,67739,#e84000
132,131,67740,#e84000
130,131,67741,#e84000
130,130,67742,#e84000
129,130,67743,#e84000
133,132,67744,#e84000
133,131,67745,#e84000
133,130,67746,#e84000
133,129,67747,#e84000
133,128,67748,#e84000
133,127,67749,#e84000
132,132,67750,#e84000
131,132,67751,#e84000
130,132,67752,#e84000
129,131,67753,#e84000
132,130,67754,#e84000
132,129,67755,#e84000
131,128,67756,#e84000
130,128,67757,#e84000
130,127,67758,#e84000
129,125,67759,#e84000
128,125,67760,#e84000
128,124,67761,#e84000
128,123,67762,#e84000
128,122,67763,#e84000
128,121,67764,#e84000
129,122,67765,#e84000
129,123,67766,#e84000
129,124,67767,#e84000
130,125,67768,#e84000
130,126,67769,#e84000
130,124,67770,#e84000
131,126,67771,#e84000
131,127,67772,#e84000
131,125,67773,#e84000
132,127,67774,#e84000
132,128,67775,#e84000
132,126,67776,#e84000
120,122,67777,#f89840
121,122,67778,#f89840
122,122,67779,#f89840
122,123,67780,#f89840
123,122,67781,#f89840
121,123,67782,#f89840
123,123,67783,#f89840
124,122,67784,#f89840
124,123,67785,#f89840
120,121,67786,#f89840
121,121,67787,#f89840
122,121,67788,#f89840
123,121,67789,#f89840
124,121,67790,#f89840
125,121,67791,#f89840
121,120,67792,#f89840
120,120,67793,#f89840
122,120,67794,#f89840
119,120,67795,#f89840
118,120,67796,#f89840
118,119,67797,#f89840
118,121,67798,#f89840
118,122,67799,#f89840
117,122,67800,#f89840
119,122,67801,#f89840
119,121,67802,#f89840
118,123,67803,#f89840
117,123,67804,#f89840
117,124,67805,#f89840
118,124,67806,#f89840
119,124,67807,#f89840
119,125,67808,#f89840
120,125,67809,#f89840
118,125,67810,#f89840
121,125,67811,#f89840
122,125,67812,#f89840
123,125,67813,#f89840
123,124,67814,#f89840
122,124,67815,#f89840
121,124,67816,#f89840
120,123,67817,#f89840
120,124,67818,#f89840
119,123,67819,#f89840
123,126,67820,#f89840
124,126,67821,#f89840
125,126,67822,#f89840
125,125,67823,#f89840
125,124,67824,#f89840
124,124,67825,#f89840
124,125,67826,#f89840
126,125,67827,#f89840
126,124,67828,#f89840
126,123,67829,#f89840
125,123,67830,#f89840
126,122,67831,#f89840
125,122,67832,#f89840
127,123,67833,#f89840
127,124,67834,#f89840
117,116,67835,#f89840
117,115,67836,#f89840
117,114,67837,#f89840
112,108,67838,#e84000
113,108,67839,#e84000
113,107,67840,#e84000
113,106,67841,#e84000
114,106,67842,#e84000
114,105,67843,#e84000
115,105,67844,#e84000
115,104,67845,#e84000
116,104,67846,#e84000
116,103,67847,#e84000
117,103,67848,#e84000
117,102,67849,#e84000
118,102,67850,#e84000
118,101,67851,#e84000
119,101,67852,#e84000
119,100,67853,#e84000
120,100,67854,#e84000
120,99,67855,#e84000
121,99,67856,#e84000
121,98,67857,#e84000
122,98,67858,#e84000
113,109,67859,#e84000
114,109,67860,#e84000
114,110,67861,#e84000
115,110,67862,#e84000
115,111,67863,#e84000
116,111,67864,#e84000
116,112,67865,#e84000
117,112,67866,#e84000
115,112,67867,#e84000
118,112,67868,#e84000
119,112,67869,#e84000
119,111,67870,#e84000
120,111,67871,#e84000
120,112,67872,#e84000
120,110,67873,#e84000
121,110,67874,#e84000
121,109,67875,#e84000
121,108,67876,#e84000
121,107,67877,#e84000
122,107,67878,#e84000
122,108,67879,#e84000
122,106,67880,#e84000
123,106,67881,#e84000
123,105,67882,#e84000
123,104,67883,#e84000
124,104,67884,#e84000
124,103,67885,#e84000
124,102,67886,#e84000
124,101,67887,#e84000
124,100,67888,#e84000
124,99,67889,#e84000
123,99,67890,#e84000
123,98,67891,#e84000
124,98,67892,#e84000
125,98,67893,#e84000
125,97,67894,#e84000
126,97,67895,#e84000
124,97,67896,#e84000
127,97,67897,#e84000
127,96,67898,#e84000
126,96,67899,#e84000
128,96,67900,#e84000
128,95,67901,#e84000
129,95,67902,#e84000
129,96,67903,#e84000
129,97,67904,#e84000
128,97,67905,#e84000
128,98,67906,#e84000
127,98,67907,#e84000
129,98,67908,#e84000
126,98,67909,#e84000
127,99,67910,#e84000
126,99,67911,#e84000
125,99,67912,#e84000
128,99,67913,#e84000
128,100,67914,#e84000
127,100,67915,#e84000
126,100,67916,#e84000
125,100,67917,#e84000
127,101,67918,#e84000
128,101,67919,#e84000
129,101,67920,#e84000
127,102,67921,#e84000
126,102,67922,#e84000
125,102,67923,#e84000
128,102,67924,#e84000
126,101,67925,#e84000
125,101,67926,#e84000
125,103,67927,#e84000
126,103,67928,#e84000
127,103,67929,#e84000
128,103,67930,#e84000
129,102,67931,#e84000
129,103,67932,#e84000
130,102,67933,#e84000
131,102,67934,#e84000
131,101,67935,#e84000
130,101,67936,#e84000
130,100,67937,#e84000
129,100,67938,#e84000
130,99,67939,#e84000
129,99,67940,#e84000
130,98,67941,#e84000
130,97,67942,#e84000
130,96,67943,#e84000
131,97,67944,#e84000
131,98,67945,#e84000
131,99,67946,#e84000
131,100,67947,#e84000
132,99,67948,#e84000
132,98,67949,#e84000
132,100,67950,#e84000
115,107,67951,#f89840
116,107,67952,#f89840
116,106,67953,#f89840
117,105,67954,#f89840
117,106,67955,#f89840
115,108,67956,#f89840
114,107,67957,#f89840
114,108,67958,#f89840
116,109,67959,#f89840
117,109,67960,#f89840
117,110,67961,#f89840
116,110,67962,#f89840
115,109,67963,#f89840
117,111,67964,#f89840
118,111,67965,#f89840
118,110,67966,#f89840
118,109,67967,#f89840
118,108,67968,#f89840
119,108,67969,#f89840
119,107,67970,#f89840
119,106,67971,#f89840
120,106,67972,#f89840
120,105,67973,#f89840
118,106,67974,#f89840
118,107,67975,#f89840
117,107,67976,#f89840
116,108,67977,#f89840
117,108,67978,#f89840
115,106,67979,#f89840
116,105,67980,#f89840
117,104,67981,#f89840
118,104,67982,#f89840
118,103,67983,#f89840
119,103,67984,#f89840
119,102,67985,#f89840
120,102,67986,#f89840
120,101,67987,#f89840
121,100,67988,#f89840
122,100,67989,#f89840
122,99,67990,#f89840
122,101,67991,#f89840
122,102,67992,#f89840
121,102,67993,#f89840
121,103,67994,#f89840
120,103,67995,#f89840
120,104,67996,#f89840
119,104,67997,#f89840
119,105,67998,#f89840
118,105,67999,#f89840
121,104,68000,#f89840
121,101,68001,#f89840
123,100,68002,#f89840
123,101,68003,#f89840
123,102,68004,#f89840
123,103,68005,#f89840
122,103,68006,#f89840
122,104,68007,#f89840
122,105,68008,#f89840
121,105,68009,#f89840
121,106,68010,#f89840
120,107,68011,#f89840
119,109,68012,#f89840
120,109,68013,#f89840
119,110,68014,#f89840
120,108,68015,#f89840
134,96,68016,#282828
133,96,68017,#282828
132,96,68018,#282828
133,97,68019,#282828
134,97,68020,#282828
134,98,68021,#282828
134,99,68022,#282828
134,100,68023,#282828
135,100,68024,#282828
136,100,68025,#282828
136,99,68026,#282828
136,98,68027,#282828
136,97,68028,#282828
137,97,68029,#282828
137,98,68030,#282828
137,96,68031,#282828
138,96,68032,#282828
138,95,68033,#282828
138,94,68034,#282828
138,93,68035,#282828
138,92,68036,#282828
138,91,68037,#282828
137,90,68038,#282828
137,91,68039,#282828
137,92,68040,#282828
137,93,68041,#282828
137,94,68042,#282828
137,95,68043,#282828
135,97,68044,#282828
135,98,68045,#282828
135,99,68046,#282828
133,95,68047,#505050
134,95,68048,#505050
134,94,68049,#505050
135,96,68050,#505050
136,94,68051,#d86020
136,92,68052,#d86020
136,95,68053,#fb9043
136,96,68054,#fb9043
135,94,68055,#fb9043
136,93,68056,#fb9043
135,93,68057,#f8ebce
135,92,68058,#f8ebce
135,95,68059,#f8ebce
136,91,68060,#f8ebce
134,131,68061,#282828
135,131,68062,#282828
135,132,68063,#282828
134,132,68064,#282828
134,133,68065,#282828
135,133,68066,#282828
136,132,68067,#282828
136,133,68068,#282828
137,133,68069,#282828
137,132,68070,#282828
138,132,68071,#282828
138,133,68072,#282828
138,134,68073,#282828
139,133,68074,#282828
133,133,68075,#282828
133,134,68076,#282828
134,134,68077,#282828
134,135,68078,#282828
134,136,68079,#282828
135,136,68080,#282828
135,137,68081,#282828
136,137,68082,#282828
136,138,68083,#282828
137,138,68084,#282828
137,139,68085,#282828
135,134,68086,#505050
136,134,68087,#505050
137,134,68088,#505050
136,135,68089,#505050
135,135,68090,#505050
137,136,68091,#505050
137,135,68092,#505050
136,136,68093,#505050
137,137,68094,#505050
139,136,68095,#d86020
139,138,68096,#d86020
138,136,68097,#fb9043
139,135,68098,#fb9043
139,137,68099,#fb9043
139,140,68100,#fb9043
139,134,68101,#fb9043
138,137,68102,#f8ebce
138,138,68103,#f8ebce
138,139,68104,#f8ebce
139,139,68105,#f8ebce
138,135,68106,#f8ebce
